-7.537631e-02	-4.708784e-01	4.514835e-01	4.870708e-02	5.011498e-01	2.186837e-01	-3.247771e-01	-1.544640e-02	-1.263117e-02	1.773735e-02	-3.105567e-01	5.140327e-01	1.658957e-01	2.478766e-01	4.694615e-02	-2.065568e-01	6.351420e-01	-4.341026e-01	-1.469413e-01	-1.990676e-03	-1.923406e-01	-1.134302e-01	1.217538e-01	6.958520e-02	-5.341697e-02	6.228638e-01	-2.245840e-01	-1.429505e-01	-2.583912e-01	-4.063836e-01	-4.998351e-02	3.432966e-01	-2.741822e-01	3.097689e-01	-7.438742e-02	5.893869e-02	-1.955155e-01	-1.319649e-01	4.061821e-01	-5.399252e-01	-3.195643e-01	6.861423e-02	-2.400346e-01	1.046899e-01	-8.139937e-02	-4.924380e-01	8.881370e-02	-9.786037e-02	-3.354055e-03	5.072114e-01	-1.803952e-01	-1.038403e-01	-9.920991e-02	2.074923e-01	7.352755e-02	3.006621e-01	8.388492e-02	-1.570696e-01	6.226420e-02	-2.317519e-01	2.175030e-02	-6.751870e-02	-2.611653e-01	1.221284e-01	4.797033e-02	1.222489e-01	-1.790729e-01	4.301248e-02	1.172469e-01	2.388532e-01	-2.657955e-01	8.471679e-02	4.945883e-01	3.248924e-02	-2.403598e-01	6.198360e-01	2.063037e-01	-2.473475e-02	-1.340677e+00	-5.455992e-01	5.055822e-01	4.052506e-01	1.696338e-02	2.782122e-01	-2.146132e-01	3.772535e-01	2.997353e-01	-4.941102e-02	7.097517e-01	-2.785635e-01	-1.264410e-01	-7.118837e-02	1.040206e+00	3.477849e-01	-3.775230e-01	4.592456e-01	1.905568e-01	5.644649e-01	7.133245e-02	1.847266e-01	-3.262315e-01	-3.352273e-02	5.454410e-01	-3.759085e-02	3.856723e-01	-2.003998e-01	2.044616e-01	2.387352e-02	-8.316180e-02	3.558745e-01	3.215912e-01	6.576416e-02	2.238159e-01	-1.667684e-01	3.675560e-01	-5.071932e-01	-5.564632e-02	5.387239e-01	3.739777e-01	-3.302195e-01	1.415348e-01	8.330500e-02	-2.613397e-01	1.029032e-01	1.291839e-01	-4.176644e-01	7.094099e-02	-3.619732e-02	2.523970e-02	-3.050080e-02	-1.987141e-01	-1.553443e-03	3.286233e-01	2.249602e-01	5.067019e-01	-2.424122e-01	2.174881e-01	-2.068691e-01	-1.428694e-01	8.364124e-01	1.373107e-01	2.451182e-01	-2.606563e-01	-1.698279e-01	-8.185168e-02	-6.194153e-02	-4.646935e-01	2.810939e-01	-5.504354e-01	-3.333719e-01	-7.320766e-02	2.353172e-01	3.599813e-01	-1.993190e-02	-1.329562e-01	3.944068e-02	5.049342e-01	2.009418e-01	-4.371418e-01	4.126488e-01	-3.244422e-02	3.864964e-01	-7.152250e-01	2.981767e-01	-1.650486e-02	-2.247856e-01	9.072486e-02	-1.357520e-01	-2.951507e-01	1.588010e-01	-9.924300e-02	-1.995355e-02	-2.234422e-01	2.388407e-01	4.530182e-01	2.720871e-01	2.670216e-01	1.304557e-01	-8.934768e-02	-5.614895e-01	-7.394645e-01	3.282293e-01	-3.688525e-01	1.309993e-02	4.859548e-03	-5.793625e-02	-9.413880e-02	-2.300027e-01	-8.763754e-02	8.273873e-02	-5.877018e-04	-1.299037e-01	-3.290666e-01	3.204379e-01	-1.364182e-01	6.066478e-01	-4.813785e-01	7.673260e-02	-1.878970e-01	1.258835e-01	-6.557263e-01	1.101873e-01	1.202231e-01	3.757542e-01	-2.576305e-01	6.098866e-01	1.098272e-01	8.904108e-02	-5.329258e-02	7.523581e-01	-5.293155e-01	1.903111e-01	3.865916e-01	1.286577e-03	3.862496e-01	1.224430e-01	1.102660e-01	-1.352612e-01	1.122016e-01	3.172141e-01	-2.653777e-01	-9.855497e-02	-9.372581e-02	-3.248954e-01	-3.163428e-01	-3.242530e-01	-3.241292e-02	2.510727e-01	-2.071123e-01	-3.659752e-01	-8.928788e-01	-2.833386e-01	-1.727382e-02	2.913639e-01	-1.315297e-01	2.845983e-01	8.362834e-02	-9.252313e-02	-2.681119e-01	6.058565e-02	-6.140283e-02	2.550344e-01	-4.666819e-02	4.052452e-02	2.943905e-01	3.415012e-02	-8.218234e-02	-9.912211e-02	1.212093e-01	-9.932908e-02	-3.921857e-01	3.289204e-01	-2.073420e-01	-3.097670e-01	-1.929532e-01	1.666633e-01	-1.128456e-01	-8.971407e-02	1.482566e-01	-3.151475e-01	1.971064e-01	-6.354493e-01	-3.546102e-01	4.120382e-01	4.653349e-01	4.678496e-01	2.921547e-01	1.181514e-01	-2.071211e-01	2.374262e-01	-3.276998e-01	5.363474e-01	1.771114e-01	-7.629253e-02	6.812831e-02	1.299310e-01	3.548511e-02	-1.612703e-01	-2.295928e-01	2.020638e-01	1.766987e-01	-2.879588e-01	-1.298108e-01	2.471691e-01	-3.176264e-01	-3.357210e-02	1.303859e-01	-2.569847e-01	5.017229e-01	-8.994439e-02	-3.099978e-02	-4.744736e-01	3.530302e-01	3.597335e-01	2.860047e-01	-1.495849e-01	-2.634121e-01	-1.712885e-01	8.532196e-02	-3.528412e-01	9.937345e-02	4.464472e-01	-4.656470e-02	2.412027e-01	-2.299809e-01	1.774771e-01	-4.486781e-01	-6.073484e-01	5.919110e-01	2.290237e-01	-3.776030e-01	3.947898e-01	-5.325661e-01	2.123245e-01	5.371610e-01	1.381786e-01	1.797363e-01	-2.017351e-01	-3.493406e-01	-2.744732e-02	7.205228e-02	2.196030e-01	3.444906e-01	2.079444e-01	-5.509168e-01	-1.500078e-01	2.437056e-01	-4.431688e-01	-6.464481e-02	1.812097e-01	-3.367400e-01	9.430740e-01	9.001647e-02	-5.477105e-01	1.646315e-01	-5.120693e-02	-1.486418e-02	8.925113e-02	-6.643246e-01	-2.608026e-01	-1.451193e-01	-2.466058e-01	8.127500e-01	-4.338280e-01	1.588415e-01	-1.045474e-01	-1.469307e-01	8.860978e-01	-1.488026e-01	-8.743041e-01	8.434423e-02	2.344711e-01	2.181891e-01	7.253463e-02	-2.114457e-01	2.258249e-01	-7.638450e-01	-7.341363e-02	5.256153e-01	-2.373771e-01	1.409900e-01	3.270680e-01	1.391738e-01	-1.821650e-01	-6.075859e-01	7.139465e-02	-8.902500e-02	-1.020586e-01	1.330423e-01	8.557836e-01	1.851087e-01	6.493297e-01	-1.325524e-01	-7.179133e-01	5.120096e-01	2.295386e-02	-9.310009e-02	-4.428211e-01	8.689073e-01	-1.143678e-01	-7.324735e-02	-2.569860e-01	-4.694433e-01	-2.278468e-01	3.012919e-01	1.474719e-01	3.760726e-01	-2.391952e-01	4.046005e-01	1.951113e-01	6.109732e-02	1.936204e-02	2.150030e-01	-2.411464e-01	-1.754741e-01	4.914490e-01	3.153196e-02	2.550007e-01	-7.027250e-01	5.138407e-03	1.955285e-01	1.857849e-01	1.090951e-01	2.647523e-02	-2.767096e-01	5.150570e-01	5.931143e-01	2.360831e-01	-2.958723e-02	1.064167e-01	3.251932e-01	2.071364e-01	4.601803e-01	5.030959e-01	1.414545e-01	4.408773e-01	-1.014811e+00	2.464720e-01	2.831015e-02	4.464836e-01	3.840917e-01	5.527284e-02	2.968377e-02	-1.612836e+00	-1.487800e-01	7.964998e-02	-2.712153e-02	-2.196595e-01	-4.493202e-01	-9.721746e-02	-4.277014e-01	-1.422261e-01	-1.381469e-01	-1.044368e-01	-1.109501e-01	-4.923090e-02	3.196137e-01	1.508948e-02	-5.633266e-01	-1.879292e-01	2.551108e-01	2.274762e-02	8.347244e-02	1.871799e-01	-2.670206e-01	-9.319507e-02	-4.969027e-01	-1.133357e-01	-9.674317e-02	5.385458e-01	-3.825138e-02	-2.649239e-01	8.118769e-02	-1.813419e-01	-8.502050e-02	-3.099583e-01	-1.856592e-01	-1.961823e-01	-2.421515e-01	-6.547075e-01	-2.322249e-01	2.349342e-01	2.581455e-01	-2.641804e-01	1.213427e-02	-3.017915e-01	-1.134530e-01	-1.235783e-01	3.024346e-01	4.092128e-01	-3.255169e-01	1.460243e-01	-2.069381e-02	-4.045666e-02	4.470380e-01	-1.127953e-01	1.129770e-01	-4.016055e-01	2.138526e-01	1.877999e-01	1.183350e-01	-1.592842e-01	1.198739e+00	-3.614927e-02	4.971354e-02	1.274318e-02	2.246386e-01	3.463318e-02	6.421908e-02	1.513352e-01	5.114865e-01	-9.438132e-02	-3.720453e-01	-1.072852e+00	1.019238e-01	-2.328060e-02	6.557657e-03	-3.487646e-01	2.506137e-01	5.973899e-01	1.423500e-01	3.513240e-01	1.046258e-01	-1.725922e-02	-1.196084e-01	-1.511123e-01	-1.340632e-01	3.987186e-02	-2.669759e-01	-4.776529e-01	-3.345130e-01	-8.795128e-01	-8.590741e-02	-5.609864e-02	-3.719707e-02	2.281407e-01	3.913032e-01	-3.083428e-01	1.640666e-01	1.855404e-01	-1.706647e-01	1.991638e-01	4.535925e-02	-3.359123e-01	3.144429e-01	-9.778979e-01	-2.986443e-01	-1.244377e-01	9.537513e-02	-2.581272e-01	-1.767159e-01	1.823560e-01	-6.546119e-02	2.085651e-01	8.619340e-02	8.770001e-01	-7.078492e-02	3.033860e-01	3.177875e-01	-4.841580e-02	-6.231878e-02	-9.621261e-02	-4.525307e-01	6.679208e-01	-3.897712e-02	1.361382e-01	-2.784220e-01	5.768753e-01	1.427444e-01	-1.257627e-01	3.372908e-02	-4.546540e-03	2.179015e-01	-1.498460e-01	-6.585927e-02	2.085660e-01	6.806099e-02	-7.741270e-02	2.850960e-01	-3.298213e-02	-3.344539e-01	1.972986e-02	3.638739e-02	-1.025373e-01	-3.101647e-02	1.641038e-01	-3.276195e-01	-2.324132e-02	-1.580836e-02	4.108210e-01	-7.038155e-02	7.089036e-01	-8.793451e-02	3.688209e-01	5.651705e-02	3.485897e-01	-1.785173e-01	1.627909e-01	-1.580369e-01	6.955791e-02	-2.207388e-01	-4.255840e-01	-1.496805e-01	5.966127e-02	3.858728e-01	-1.488679e-01	-2.981289e-02	3.737932e-01	-1.783578e-01	-1.476475e-01	3.323628e-01	6.178745e-02	-9.922342e-01	-2.990947e-01	1.164367e-01	-2.002233e-01	4.357900e-02	-1.784192e-01	3.711548e-01	7.150131e-02	2.141469e-02	-2.910259e-01	-2.819715e-01	-5.346169e-01	-5.050642e-01	1.260741e-01	1.387336e-01	-3.570571e-01	-4.781660e-01	-5.492305e-01	6.799998e-02	-2.071333e-01	-1.835083e-01	-1.900114e-01	1.480965e-01	-1.851553e-01	-1.281061e-01	1.140936e-02	-1.678694e-01	1.179813e-01	2.066264e-01	-1.131380e-01	7.025468e-01	3.561113e-02	1.941631e-01	2.557720e-02	1.096409e-01	-6.141139e-02	-1.235199e-01	-3.811235e-01	8.205343e-02	3.312177e-01	-7.853859e-02	-1.466251e-01	-5.018293e-02	3.933516e-01	-3.754806e-01	1.692529e-01	-3.005255e-01	3.016222e-01	-1.056197e-01	5.793893e-01	4.781524e-01	-4.503171e-01	-1.918248e-02	1.537993e-01	-2.159393e-01	4.459804e-01	-4.807709e-02	-1.325372e-01	5.249514e-01	-2.142555e-01	1.272069e-01	-2.023938e-01	-2.584786e-01	3.616249e-01	1.157753e-01	1.612493e-02	-5.346562e-01	4.450345e-01	2.493470e-01	6.247554e-01	1.073426e-01	-3.331848e-01	-4.742351e-01	2.170768e-01	-3.817841e-01	-1.573994e-01	2.712980e-01	4.246766e-02	-2.031166e-01	6.567114e-01	-1.379882e-01	-2.549453e-02	1.265080e-01	2.085699e-01	-1.467331e-01	1.604152e-01	-4.667421e-02	4.399100e-02	1.282301e-01	-1.027920e-01	1.639923e-01	-1.075896e-01	-2.153396e-01	1.000997e-01	-1.602642e-01	-4.019479e-01	-2.653248e-01	1.558888e-01	-2.861976e-03	1.729379e-01	-4.586545e-02	6.303241e-02	-5.181717e-01	-1.541502e-01	7.240535e-02	1.108271e-01	2.886929e-01	-1.487633e-01	1.182791e-01	-5.795026e-01	2.904186e-02	-1.840261e-01	-5.646728e-01	-4.461739e-01	-1.920230e-01	-3.733883e-01	-1.220089e-01	3.268965e-01	2.991314e-01	-2.295456e-01	-9.717866e-02	-2.444085e-01	3.864636e-02	-6.605894e-02	-1.804280e-01	-2.955160e-01	-1.383219e-01	4.546752e-02	5.996090e-02	1.156061e-01	-4.595036e-01	2.262339e-01	7.870334e-02	5.861478e-02	1.021335e-01	2.907241e-01	3.861415e-02	-2.335049e-01	-1.186447e-01	-1.200430e+00	1.135050e-01	-3.687041e-02	2.444239e-01	-6.130201e-02	2.616588e-01	4.185041e-01	-1.824102e-01	-2.073411e-01	2.586062e-01	-3.429226e-01	-2.854021e-01	-2.168369e-02	-1.769078e-01	2.570829e-01	6.542503e-01	1.156902e-01	1.093842e-01	-3.261323e-01	-3.478690e-01	2.529246e-01	-3.046760e-01	-9.522219e-02	-2.080397e-01	5.585125e-02	-3.581379e-01	4.643224e-01	2.150945e-01	1.663940e-01	-2.329962e-01	-9.971115e-01	2.842387e-01	-4.525935e-01	5.990988e-02	-1.685235e-01	-4.676514e-02	9.872606e-02	
2.168973e-02	-4.984245e-01	3.543379e-01	7.851728e-02	4.485449e-01	3.094824e-01	-2.069324e-01	1.978622e-01	-3.563760e-02	2.897652e-01	1.002402e-01	5.230569e-01	1.095295e-01	-4.847028e-02	1.889957e-01	-3.146943e-01	5.477784e-01	-5.243493e-01	1.685072e-03	8.852824e-02	-1.650272e-01	-1.037994e-01	4.565254e-01	2.337279e-03	8.415520e-02	4.113087e-01	-2.782584e-01	-2.832170e-02	-1.121953e-01	-4.683946e-01	-6.913546e-02	3.946402e-01	-3.369316e-01	4.490648e-01	-6.464738e-02	1.382626e-01	-5.188184e-02	3.037384e-01	4.994211e-01	-2.330365e-01	-2.715747e-01	-7.906067e-02	-2.221497e-01	1.450948e-02	1.044601e-01	-3.995345e-01	2.058468e-01	-2.122145e-01	-2.482365e-01	6.004012e-01	-1.945682e-01	-2.760473e-01	2.909692e-01	5.603413e-02	2.588218e-01	2.307860e-01	-3.154029e-02	-3.096916e-02	-5.008172e-03	-4.359022e-02	1.339835e-01	-5.098039e-02	-4.831893e-01	-2.361968e-01	8.295681e-02	3.369569e-01	-8.399172e-02	3.478581e-02	2.551373e-01	2.361930e-01	-9.055895e-02	2.268852e-01	7.417260e-01	-2.272745e-02	-1.282086e-01	8.154613e-01	1.542372e-01	1.555782e-02	-1.047705e+00	-3.771231e-01	6.416887e-01	5.162332e-01	1.161379e-02	2.004098e-01	-1.072910e-01	5.946882e-01	3.801692e-01	1.703885e-01	5.669388e-01	-3.502026e-01	6.448850e-02	1.338207e-01	1.054339e+00	1.004295e-01	-4.207773e-01	4.819839e-01	-1.089029e-04	3.559572e-01	-3.976167e-02	1.782197e-01	-4.584603e-01	1.533671e-02	4.275196e-01	-1.942670e-01	3.122387e-01	-1.266911e-01	2.172814e-01	9.518574e-02	-7.339522e-03	5.585334e-01	1.669088e-01	1.676639e-01	2.648413e-01	7.634535e-02	3.105116e-01	-3.772399e-01	-1.738254e-01	7.098263e-03	3.202935e-01	-5.692366e-01	-1.295458e-01	1.458288e-01	-1.169698e-01	4.627981e-01	-2.324619e-02	-2.877653e-02	-1.758740e-02	1.819443e-01	-1.239177e-01	6.062554e-02	-1.635068e-01	7.305653e-02	8.760228e-02	1.411268e-01	2.747494e-01	-1.419030e-01	3.458355e-01	-1.999911e-02	-8.181808e-02	5.046862e-01	1.595195e-01	2.392796e-01	-3.683662e-01	-2.327084e-01	-1.799498e-01	4.826750e-03	-3.918486e-01	4.972120e-01	-5.002162e-01	-3.775611e-01	3.157147e-02	2.402923e-01	3.806374e-01	1.797945e-01	-2.944632e-02	1.264167e-02	5.456403e-01	-1.156963e-02	-3.840877e-01	2.507644e-01	1.719841e-01	3.142684e-01	-4.693261e-01	1.878532e-01	-9.161916e-02	-2.590615e-01	-4.839199e-02	-9.381101e-02	-1.016205e-01	1.186550e-01	6.020832e-02	3.028640e-01	-3.224405e-01	2.097429e-01	4.056148e-01	2.862872e-01	-3.152636e-02	1.408360e-01	-1.803386e-01	-7.142856e-01	-5.685431e-01	5.753689e-02	-1.905864e-01	1.908537e-01	-1.710864e-02	5.742376e-02	7.876784e-02	3.077138e-02	-1.104020e-01	-2.348763e-02	-8.337462e-02	-3.293626e-01	-8.502602e-02	3.622977e-01	-2.441281e-01	4.908295e-01	-5.062569e-01	1.614243e-01	-2.052657e-02	4.704476e-02	-3.821441e-01	7.840607e-02	3.067319e-01	3.535007e-01	-2.858447e-01	3.198375e-01	1.554494e-01	5.654183e-02	-2.450181e-02	9.086353e-01	-1.722600e-01	5.928897e-02	5.227368e-01	-1.892154e-01	5.304332e-01	-6.375438e-02	6.778904e-02	-1.946131e-01	2.374658e-01	2.589998e-01	-1.694777e-01	-1.249114e-01	-1.503028e-01	-4.665741e-01	-9.316084e-02	-2.447762e-01	1.293661e-01	1.447809e-01	-2.966974e-01	-2.876367e-01	-8.379731e-01	-3.571365e-01	-2.171486e-01	2.817995e-01	-2.616899e-01	3.955126e-01	2.997010e-01	-2.539018e-01	-2.104012e-01	5.025376e-02	-3.112129e-01	1.957630e-01	4.274547e-04	6.218937e-02	3.412506e-01	7.778406e-02	-2.742245e-01	-4.642431e-01	1.402040e-01	-7.170092e-02	-5.008129e-01	2.868354e-01	-7.804724e-02	-2.487331e-01	-6.072931e-01	-1.707036e-01	4.293153e-02	1.546181e-01	7.708578e-02	-3.717409e-01	1.660554e-01	-6.377085e-01	-7.593168e-02	4.174197e-01	1.671736e-01	1.462749e-01	1.026667e-01	3.460568e-01	-1.326415e-01	1.966855e-01	-2.008711e-01	3.462678e-01	2.913145e-01	-2.923277e-02	-1.333251e-01	1.534260e-01	3.317431e-02	-2.768793e-01	-7.787997e-02	1.894236e-01	1.657766e-02	-2.541989e-01	-2.910551e-01	2.181634e-02	-2.262283e-01	4.249010e-02	9.851179e-02	-3.739449e-01	6.081859e-01	-3.726701e-01	-4.259442e-01	-5.500628e-01	1.080704e-01	3.729270e-01	3.700116e-03	-4.418917e-01	-2.751386e-01	-3.061668e-01	1.510723e-01	-6.108946e-02	4.166557e-01	1.310696e-01	7.975132e-02	2.341584e-01	-3.786079e-01	1.638779e-01	-4.267309e-01	-3.139251e-01	4.238354e-01	8.659228e-02	-4.622518e-01	2.692370e-01	-6.406989e-01	6.008993e-01	5.092568e-01	1.054262e-01	1.932266e-01	-1.401670e-01	-2.578551e-01	-9.968609e-02	-2.271706e-02	-7.598535e-02	6.659163e-01	1.409292e-01	-4.947951e-01	-3.421398e-01	1.881267e-01	-3.722117e-01	-2.716519e-02	-2.268136e-03	-1.600901e-01	1.352589e+00	3.385146e-02	-2.355103e-01	2.426787e-01	-5.456712e-02	-7.432193e-02	1.178365e-01	-4.473770e-01	-4.678521e-01	-1.615608e-01	-3.195409e-01	6.692921e-01	-4.464542e-01	3.178462e-01	-6.698267e-02	-6.254126e-02	6.150631e-01	9.758524e-02	-5.170363e-01	-1.168069e-02	3.670318e-01	2.174617e-01	2.620949e-01	-3.770325e-03	1.177377e-01	-6.196856e-01	-6.164619e-02	3.879256e-01	-3.781137e-01	5.584866e-02	1.620749e-01	7.470188e-02	-1.637351e-01	-5.670581e-01	-4.171928e-02	-1.526345e-01	-1.555622e-01	5.635867e-02	7.281541e-01	2.986269e-01	5.297666e-01	-4.171063e-01	-6.491506e-01	3.379149e-01	3.276437e-02	1.001353e-01	-4.516377e-01	8.655610e-01	-9.826373e-03	-2.837784e-01	-7.360110e-02	-2.483823e-01	-1.437807e-01	2.215304e-01	1.223932e-01	3.351672e-01	-9.277610e-02	3.235903e-01	1.986491e-01	-1.699472e-01	4.972403e-01	1.785292e-02	-1.222916e-01	1.488837e-01	5.424453e-02	-4.042687e-02	-8.479363e-02	-7.001560e-01	1.739158e-03	-9.025063e-02	2.713575e-01	4.977018e-02	-1.595065e-01	-6.253537e-02	4.192731e-01	5.868403e-01	6.774244e-02	1.291905e-01	-1.207645e-01	4.219352e-01	3.342632e-01	1.601059e-01	4.209207e-01	3.473981e-01	5.337242e-01	-3.808512e-01	7.686383e-02	2.969647e-01	3.360607e-01	1.794225e-01	1.277582e-01	2.481534e-04	-1.228478e+00	4.962033e-02	1.970078e-01	-1.176992e-01	1.071232e-02	-5.194918e-01	-1.372646e-01	-3.146043e-01	-7.009505e-02	-2.058322e-01	-3.320425e-01	-2.050628e-01	4.725985e-02	1.411188e-01	8.640195e-02	-3.075714e-01	-1.263070e-01	3.462009e-01	-2.266110e-01	-2.409609e-01	2.090626e-01	-2.359844e-01	2.663363e-01	-5.326270e-01	-9.397320e-02	-7.449429e-02	5.709584e-01	1.342648e-01	1.980602e-01	-3.941027e-02	-2.486015e-01	-2.435123e-01	-2.720845e-03	-3.941646e-01	2.579599e-01	-1.535154e-01	-5.271760e-01	-5.098757e-02	2.030520e-01	3.174193e-01	-1.757272e-01	-1.108753e-02	-4.206877e-01	-1.120160e-01	-3.906275e-01	3.877686e-01	1.492160e-01	-1.640066e-01	-1.579646e-03	-6.412122e-02	-2.560132e-01	3.854484e-01	1.072145e-01	7.754817e-02	-1.624721e-01	1.942057e-01	-2.269158e-01	-2.251814e-02	1.108284e-02	6.160222e-01	2.602962e-01	-9.182205e-02	1.939596e-01	2.108335e-01	7.164150e-02	4.403197e-02	1.767895e-01	6.754512e-01	-1.267221e-01	-7.707347e-02	-8.903879e-01	8.858916e-02	-2.908996e-02	-3.984818e-01	-2.559421e-01	1.298882e-01	1.934810e-01	1.761296e-01	1.854892e-01	-5.707934e-02	-2.004056e-01	-2.254412e-01	-9.515876e-02	-6.676821e-02	6.911375e-02	-4.250889e-01	-3.582492e-01	-6.459016e-02	-9.538440e-01	-2.327041e-01	4.987874e-04	-1.152419e-01	-7.587725e-02	3.113366e-01	-3.990615e-01	3.465403e-02	1.439884e-01	-2.336654e-02	7.380860e-02	2.041947e-01	-4.993016e-01	4.757582e-01	-1.072818e+00	-5.265401e-01	-2.019394e-01	2.230445e-01	-2.191282e-01	-2.950804e-01	2.102120e-01	-2.396148e-02	4.397455e-01	-4.608980e-02	8.106636e-01	5.423707e-02	3.642298e-01	2.236467e-01	2.095282e-01	-6.850893e-02	-1.331803e-01	-7.293305e-03	3.758275e-01	-7.681274e-02	-1.342652e-01	-4.209055e-01	3.874488e-01	1.127400e-01	-1.729263e-01	-1.037066e-01	-4.039130e-02	-1.814050e-03	1.133204e-01	-1.847441e-01	9.731756e-02	9.420999e-02	-3.215793e-02	5.725551e-01	1.401580e-02	-3.895391e-01	1.343480e-01	-5.482891e-02	-2.563682e-01	2.460190e-02	1.062940e-01	-3.544862e-01	1.679960e-01	3.388140e-02	3.089030e-01	-2.929915e-01	5.002546e-01	3.090374e-02	1.766028e-01	-1.430589e-01	2.241083e-01	1.387392e-01	3.278621e-01	-2.702749e-01	1.797491e-01	-4.471152e-01	-2.879860e-01	-9.139104e-02	-1.640671e-01	1.698377e-01	-1.287724e-01	9.580757e-02	3.271829e-01	2.601108e-02	-1.513549e-01	2.926625e-01	7.982190e-02	-8.982571e-01	-1.837723e-01	2.456054e-01	-4.802821e-01	2.644704e-01	-2.447932e-01	1.712931e-01	-3.392020e-02	3.971378e-01	-3.863307e-01	-2.142718e-01	-4.418673e-01	-5.148922e-01	1.745511e-01	1.242341e-01	-2.285568e-01	-3.125903e-01	-6.333130e-01	-1.479214e-01	-1.676649e-01	-4.475402e-01	-2.392122e-01	2.252260e-01	-2.991381e-01	-2.232910e-01	1.021185e-01	2.209762e-01	5.040057e-01	-1.463855e-04	7.367524e-02	5.481000e-01	6.357609e-02	1.210958e-01	1.735046e-01	2.501191e-01	-2.735127e-03	1.246131e-02	-7.009606e-02	2.334028e-01	1.975898e-01	-9.599787e-02	1.467873e-01	1.371731e-01	1.786968e-01	-3.129558e-01	4.485814e-01	-2.010791e-01	2.764551e-01	1.456842e-02	1.677959e-01	2.389518e-01	-3.081953e-01	-1.329184e-01	2.536862e-02	-2.068524e-01	4.795029e-01	1.449321e-02	-2.446043e-01	6.384385e-01	-1.097967e-01	2.980137e-01	-4.366904e-01	-2.321245e-01	2.838108e-01	-6.128944e-02	1.555252e-01	-3.238969e-01	2.792280e-01	2.690678e-01	6.539609e-01	2.475559e-01	-3.280059e-01	-5.279575e-01	1.652132e-01	-3.209130e-01	-2.562653e-01	2.445885e-01	-1.051568e-01	-2.181349e-02	1.456678e-01	1.849351e-01	2.064433e-01	1.485308e-01	4.815473e-01	4.078136e-03	2.121153e-01	8.276701e-03	-1.458849e-01	-2.847603e-02	6.323993e-02	4.365428e-02	-3.897564e-01	-9.413447e-02	1.846541e-02	-3.152263e-01	-1.857639e-01	-6.482650e-03	-3.490699e-02	-7.988294e-02	1.979855e-01	4.137895e-02	-7.494581e-02	-2.664928e-01	-2.695590e-01	2.377262e-01	-4.749415e-02	3.415819e-01	-5.326275e-03	8.187996e-02	-3.117734e-01	-1.603820e-01	-3.451287e-01	-6.471471e-01	-9.990571e-02	-1.387991e-01	-1.585152e-01	-1.685957e-01	4.550434e-01	6.050982e-01	-4.715288e-01	1.597566e-01	-3.208561e-01	-1.710617e-03	-1.085384e-01	-2.619399e-01	-2.688238e-01	-2.574251e-01	1.242805e-01	1.967621e-02	-1.843226e-01	-4.724567e-01	6.905568e-02	-3.976792e-02	-1.709411e-01	1.938382e-01	9.372220e-02	-1.240007e-01	-4.140131e-01	2.522300e-01	-9.981852e-01	-2.997067e-01	-1.474018e-01	-1.801983e-01	1.715760e-01	1.787700e-01	4.049833e-01	3.162644e-02	7.421593e-02	-6.548415e-03	-3.833068e-01	-3.730555e-01	1.199986e-01	-3.292072e-01	1.150950e-01	4.582459e-01	2.123790e-01	4.221477e-01	-3.387854e-01	-5.066262e-01	3.080205e-01	-3.346388e-01	9.541783e-02	-2.838998e-01	1.658031e-01	-5.647230e-01	1.833591e-01	1.567344e-01	4.733987e-01	-3.425818e-01	-9.293361e-01	2.191889e-01	-5.614928e-01	-6.549168e-02	6.273805e-02	2.680953e-02	3.697661e-02	
-2.320908e-01	-4.962708e-01	7.706298e-01	1.133233e-01	3.716360e-01	2.018209e-01	-5.064676e-01	1.454076e-01	-1.565415e-01	2.448792e-01	-1.938445e-01	7.350820e-01	3.727234e-02	3.014387e-01	1.654711e-01	-2.116469e-01	7.832171e-01	-5.187302e-01	-2.436794e-01	-1.308005e-01	-3.045254e-01	-1.923127e-02	-3.042341e-02	7.465664e-02	-7.916085e-02	6.627883e-01	-2.423478e-01	-7.733872e-02	-3.610581e-01	-4.539370e-01	-8.677885e-02	3.737099e-01	-2.085323e-01	4.873877e-01	4.098262e-02	1.230674e-01	1.533565e-02	-4.629735e-02	5.173005e-01	-5.033382e-01	-4.089468e-01	2.546213e-01	-3.602411e-01	-6.439374e-02	-4.709756e-02	-4.206050e-01	1.464391e-01	-6.410418e-02	-1.923298e-02	7.918344e-01	-2.477445e-01	-2.664557e-01	-9.904946e-03	1.009636e-01	2.167115e-01	3.155337e-01	1.214203e-01	-2.548670e-01	1.147848e-01	-7.675330e-02	-5.573820e-02	5.166081e-02	-5.157030e-01	-1.986997e-03	1.966262e-02	1.094426e-01	-1.371379e-01	1.056516e-01	2.134267e-01	3.950558e-01	-4.148848e-01	-6.873505e-03	6.328564e-01	9.421404e-02	-1.841445e-01	7.266799e-01	2.339319e-01	-2.537760e-02	-9.650648e-01	-4.663922e-01	4.108828e-01	6.022136e-01	3.559038e-02	2.332707e-01	-1.873608e-01	4.529820e-01	4.496194e-01	1.057734e-01	9.695776e-01	-5.382306e-01	1.802007e-02	-4.934288e-02	1.127238e+00	3.526556e-01	-2.949140e-01	6.013088e-01	2.616264e-01	5.525431e-01	-4.058889e-02	3.099075e-01	-4.834885e-01	-1.706802e-01	5.777603e-01	-4.235800e-02	4.828129e-01	-3.460216e-01	2.558626e-01	-1.512457e-02	-1.125715e-01	5.714623e-01	9.830464e-02	2.200423e-01	9.497350e-02	-1.653015e-01	2.949160e-01	-6.258198e-01	-3.483203e-01	4.827150e-01	4.925389e-01	-4.062819e-01	2.280171e-02	-1.819476e-04	-2.856056e-01	2.424290e-01	3.831157e-01	-4.023544e-01	1.148765e-01	-7.797703e-02	1.406115e-01	-4.052298e-02	-1.712214e-01	-6.568030e-02	2.155407e-01	1.837483e-01	5.027037e-01	-2.236030e-01	3.435682e-01	-3.421205e-01	-1.440556e-01	1.062723e+00	7.038493e-02	3.250484e-01	-2.869752e-01	-1.302259e-01	-1.485964e-01	1.882465e-02	-5.149996e-01	3.740891e-01	-4.148589e-01	-5.041994e-01	-1.382580e-01	4.826844e-01	2.626186e-01	-6.912670e-02	-1.994092e-01	1.912624e-01	2.472391e-01	2.388768e-01	-4.526405e-01	3.770820e-01	3.475457e-03	2.827824e-01	-7.126745e-01	1.358669e-01	8.765516e-02	-2.248130e-01	2.898084e-02	-2.088803e-01	-3.358699e-01	2.681233e-01	-1.392299e-02	-1.752122e-01	-2.001431e-01	1.266123e-01	6.168342e-01	4.208413e-01	1.758732e-01	2.178458e-01	-4.342395e-02	-5.499466e-01	-7.275671e-01	2.661250e-01	-2.914521e-01	3.624896e-02	1.241541e-01	-1.050708e-01	-1.837964e-02	-7.373468e-02	-9.301559e-02	2.462292e-02	-9.327604e-02	-8.265556e-02	-4.053988e-01	1.673117e-01	8.225864e-03	7.810109e-01	-4.140704e-01	3.272870e-01	-2.184439e-01	3.554649e-01	-6.931588e-01	1.581545e-01	1.585357e-01	3.765415e-01	-2.860149e-01	5.172120e-01	-5.668034e-03	1.210524e-01	6.335537e-02	6.000857e-01	-5.014816e-01	3.452756e-02	4.384999e-01	1.179715e-01	3.159801e-01	3.160959e-01	1.400903e-01	-1.480136e-01	6.188439e-02	3.425124e-01	-1.717984e-02	-1.331054e-02	8.012701e-02	-4.918932e-01	-2.589572e-01	-2.141316e-01	5.328579e-02	3.080897e-01	-2.193435e-01	-4.074007e-01	-7.781831e-01	-1.961612e-01	-7.136460e-03	2.215062e-01	-1.389764e-01	3.747274e-01	1.419661e-01	3.911809e-02	-3.374212e-01	6.089964e-02	2.787491e-02	3.983028e-01	-1.873612e-01	1.491911e-02	1.710943e-01	3.708392e-02	-1.796135e-01	-2.676302e-01	4.360141e-02	9.977134e-02	-4.861232e-01	3.359766e-01	-3.561344e-01	-3.317970e-01	-1.509419e-01	2.196307e-01	2.136073e-02	-1.794223e-01	1.984776e-01	-3.707104e-01	1.830633e-01	-6.831923e-01	-1.750547e-01	3.394365e-01	4.778584e-01	4.226182e-01	4.575318e-02	9.218644e-02	-1.647176e-01	2.988629e-01	-3.982257e-01	3.781769e-01	2.684780e-01	-3.966278e-03	3.856256e-02	5.871362e-02	-4.103329e-02	-9.763554e-02	-4.061024e-01	3.266270e-02	3.046643e-01	-2.490376e-01	-7.905740e-02	1.539003e-01	-3.505128e-01	-1.954780e-01	1.451242e-01	-1.893583e-01	5.209894e-01	-1.989277e-01	-2.497726e-01	-4.244963e-01	3.143304e-01	5.922801e-01	1.574799e-01	-3.137865e-01	-2.823893e-01	-1.618133e-01	1.615966e-02	-3.159062e-01	1.169113e-01	6.824659e-01	-5.944894e-02	2.095359e-01	-3.245591e-01	2.776076e-01	-4.054459e-01	-5.941104e-01	9.567569e-01	1.485365e-01	-4.878590e-01	2.096847e-01	-5.046321e-01	3.134809e-01	4.050226e-01	1.300858e-01	1.319800e-01	-2.809162e-01	-4.065321e-01	-2.103488e-02	8.020032e-02	3.646369e-01	2.941280e-01	2.615345e-01	-4.956657e-01	-1.653599e-02	1.366229e-01	-4.351107e-01	1.228505e-01	6.838530e-02	-4.881476e-01	1.376232e+00	-5.071553e-02	-4.950570e-01	8.345362e-02	-1.931335e-01	-1.711613e-01	8.717384e-02	-8.841118e-01	-2.824194e-01	-1.779828e-01	-2.099900e-01	7.807255e-01	-4.459244e-01	2.225662e-02	-1.123377e-01	-1.569391e-01	9.893985e-01	-1.104186e-01	-8.981627e-01	1.694501e-01	4.117429e-01	1.833923e-01	8.236822e-02	-4.650377e-01	2.116685e-01	-7.221558e-01	-1.315610e-01	4.816619e-01	-1.747501e-01	-7.426121e-03	3.900826e-02	9.967536e-02	-4.453715e-02	-5.804924e-01	1.417218e-01	-4.048685e-02	-4.720131e-02	3.353840e-01	1.073337e+00	1.777670e-01	5.362917e-01	-3.013694e-01	-9.094108e-01	4.694225e-01	2.892701e-02	-2.902251e-02	-5.797644e-01	1.197358e+00	-2.532062e-01	-1.933537e-01	-2.192328e-01	-5.496786e-01	-2.021058e-01	1.500685e-01	2.828937e-01	3.249943e-01	-3.376930e-01	5.935168e-01	3.307509e-01	1.560937e-01	7.417238e-02	2.017941e-01	-2.061792e-01	6.066030e-02	3.784090e-01	2.386245e-01	2.578796e-01	-6.671088e-01	-3.340206e-02	1.551866e-01	3.007706e-01	-3.395679e-02	2.285292e-01	-3.681060e-01	6.759562e-01	7.207109e-01	1.950295e-01	1.823747e-01	1.574461e-01	2.446632e-01	3.140112e-01	3.661678e-01	4.392847e-01	3.088756e-01	5.995661e-01	-1.139635e+00	2.429365e-01	-1.005159e-01	5.043646e-01	2.703426e-01	9.366312e-02	-5.162894e-02	-2.022395e+00	4.404790e-02	4.086793e-02	-1.363130e-01	-4.257302e-01	-3.287132e-01	-6.577203e-02	-4.762082e-01	-1.758755e-01	4.622934e-02	-1.585656e-01	-7.475946e-02	-2.188210e-01	3.086913e-01	9.931289e-02	-6.236897e-01	-2.319892e-01	3.215344e-01	-7.223415e-02	-1.496829e-01	1.113187e-01	-1.797534e-01	-3.744359e-02	-6.379942e-01	-4.456902e-01	-3.489936e-03	4.805454e-01	-2.334890e-01	-3.724749e-01	1.096752e-01	-1.411502e-01	-1.749773e-01	-1.909405e-01	-1.995727e-01	-1.360368e-01	-9.892391e-02	-6.349771e-01	1.083174e-03	2.098267e-01	4.686857e-01	-1.794584e-01	-6.337973e-02	-6.404871e-01	-3.242421e-02	-1.982560e-01	2.945525e-01	4.315996e-01	-3.735294e-01	7.410993e-02	3.469191e-02	-2.016539e-01	4.215839e-01	-4.216908e-02	1.663965e-01	-4.193537e-01	3.904102e-01	1.199060e-01	-9.035271e-02	-1.253746e-01	1.139874e+00	-1.572620e-01	-3.254318e-02	4.755937e-02	8.962884e-02	2.114501e-01	4.413155e-01	2.202572e-01	4.095179e-01	-3.090659e-01	-2.720053e-01	-1.253688e+00	1.584985e-02	5.463252e-03	-5.711542e-02	-4.110711e-01	2.522131e-01	6.665354e-01	1.859399e-01	6.307744e-01	-2.172180e-02	-7.471962e-02	1.530169e-03	-2.009922e-01	-1.379439e-01	1.667161e-01	-2.258402e-01	-4.871857e-01	-3.140280e-01	-1.051805e+00	-2.972978e-01	-1.282866e-01	-3.422428e-02	3.287559e-01	3.806010e-01	-2.634931e-01	4.646892e-02	2.916223e-01	-3.358848e-01	1.659270e-01	-7.296398e-02	-4.267660e-01	3.366181e-01	-9.136578e-01	-1.312432e-01	-9.208016e-02	7.340697e-02	-8.494988e-02	-2.845469e-01	3.220238e-01	-1.279272e-01	2.854171e-01	2.156235e-01	1.064426e+00	-5.632269e-03	3.009054e-01	9.968434e-02	-7.426384e-02	-1.136809e-01	-2.466986e-01	-1.411299e-01	6.867554e-01	-7.994328e-02	1.161065e-01	-1.932372e-01	3.839661e-01	7.253517e-05	-2.316079e-01	3.690344e-02	-1.207204e-02	3.124118e-01	-1.926623e-01	-1.464494e-04	2.086263e-01	1.344051e-01	-1.535670e-01	4.919133e-01	-9.952229e-02	-3.941022e-01	-1.221849e-01	5.780535e-02	-2.250930e-01	3.418544e-02	2.215680e-01	-3.142118e-01	3.558571e-02	-1.437327e-01	3.062076e-01	-1.415992e-01	5.566013e-01	1.756130e-01	2.497759e-01	2.487933e-02	3.789712e-01	-2.247237e-01	1.917466e-01	3.723739e-02	1.078860e-01	-4.014930e-01	-6.297206e-01	-2.494483e-01	1.663725e-02	4.549871e-01	-1.248546e-01	-7.495455e-02	4.206045e-01	1.172860e-01	-1.867380e-01	2.515337e-01	1.816669e-01	-1.056688e+00	-1.653083e-01	2.587968e-01	-1.996362e-01	-2.870846e-02	-1.060212e-01	2.574553e-01	2.070262e-01	-1.165614e-01	-4.220809e-01	-1.955862e-01	-6.549499e-01	-6.683820e-01	7.422916e-02	8.319028e-02	-2.251128e-01	-2.670633e-01	-5.678156e-01	6.410749e-02	-3.358066e-01	-1.820105e-01	-3.524123e-01	-1.588238e-02	-4.612690e-01	-2.673297e-01	2.149003e-01	-2.300967e-01	2.354337e-01	3.726817e-01	-1.653810e-01	7.110543e-01	-5.084138e-02	1.794599e-01	1.552540e-01	2.434471e-01	-4.240206e-02	-3.286966e-02	-3.915071e-01	1.389649e-03	4.305120e-01	-1.561494e-01	-9.953789e-02	1.074892e-01	4.965685e-01	-4.076574e-01	1.290599e-01	-2.382899e-01	3.589350e-01	-1.166322e-01	4.785301e-01	3.650569e-01	-2.408523e-01	-8.302870e-02	2.486180e-01	-4.467709e-01	3.941346e-01	-3.512088e-01	-2.581729e-01	7.762858e-01	-2.102086e-01	1.076141e-01	-2.361933e-01	-2.486873e-01	5.657881e-01	1.259068e-01	-8.837239e-02	-4.245441e-01	2.779315e-01	1.770944e-01	6.172255e-01	3.486258e-01	-3.582115e-01	-4.699507e-01	2.424596e-01	-4.894803e-01	-2.040508e-01	4.201546e-01	4.741774e-02	-2.931931e-01	5.063226e-01	-9.068719e-02	-9.286930e-02	2.883223e-01	2.219044e-01	-2.356087e-01	4.247474e-01	-1.654551e-01	-2.507290e-02	3.778319e-02	-7.101945e-02	-7.819687e-02	-1.620357e-01	-2.466931e-01	3.870053e-02	-3.027776e-02	-3.473459e-01	-1.839464e-01	5.619588e-02	-2.651229e-02	1.423681e-02	-6.282348e-02	5.797776e-02	-4.052427e-01	-8.940643e-02	1.206219e-01	8.304003e-02	4.897692e-01	-2.107405e-02	3.398997e-01	-4.110339e-01	3.231213e-01	-3.838726e-01	-6.090984e-01	-3.069188e-01	-2.577353e-01	-5.674902e-01	-3.482457e-02	2.598066e-01	2.145520e-01	-2.785798e-01	-6.971091e-03	-4.509760e-01	-6.040790e-02	7.774521e-04	-2.030297e-01	-4.223420e-01	-2.080177e-01	1.067088e-01	1.572082e-01	3.899595e-02	-6.650481e-01	1.942447e-01	-1.178630e-02	6.176011e-02	1.110937e-01	2.548767e-01	-1.235778e-01	-2.213386e-01	-7.727271e-02	-1.582706e+00	-7.024491e-02	-1.280791e-01	8.878503e-02	-1.888242e-01	2.790262e-01	5.809747e-01	-2.105592e-01	-1.262281e-01	3.182590e-01	-3.714618e-01	-2.626951e-01	-1.646088e-02	-2.222771e-01	1.247126e-01	5.541422e-01	-8.573630e-02	1.666302e-01	-4.412252e-01	-4.778617e-01	3.368045e-01	-2.323040e-01	-7.561433e-03	-7.223179e-02	1.216486e-01	-6.591928e-01	6.537840e-01	2.227791e-01	1.403254e-01	-3.499062e-01	-1.230238e+00	2.734744e-01	-5.090221e-01	4.584464e-02	-9.708421e-02	-1.246920e-03	5.228767e-02	
-2.040398e-02	-4.767756e-01	6.380353e-01	-1.218745e-01	3.035916e-01	1.628521e-01	-4.416201e-01	3.168542e-02	-1.141813e-01	1.178950e-01	-1.401376e-01	6.538886e-01	1.467882e-01	1.858120e-01	9.537761e-02	-2.192930e-01	7.715196e-01	-5.850456e-01	-3.213021e-01	-1.313115e-01	-4.248197e-01	-4.459304e-02	4.955139e-02	1.264375e-01	-1.596798e-01	7.916707e-01	-3.911890e-01	-3.580926e-01	-2.649643e-01	-4.119656e-01	1.234476e-01	2.519904e-01	-3.065052e-01	6.964705e-01	-3.485102e-02	1.622450e-01	-9.001932e-02	-1.240646e-01	5.280406e-01	-3.320438e-01	-2.646465e-01	1.166579e-01	-1.689195e-01	-1.253961e-02	-5.330888e-02	-4.766698e-01	2.300317e-01	-4.274376e-03	-1.638266e-01	6.129187e-01	-2.848784e-01	-2.242009e-01	-1.054833e-02	1.380221e-01	-1.152253e-01	3.087271e-01	1.479355e-01	-5.304909e-02	1.043521e-01	-5.686440e-02	-4.073154e-02	7.250157e-02	-4.751191e-01	-7.589069e-02	-4.143681e-02	-9.544510e-02	-2.287852e-01	1.597342e-01	2.844855e-01	6.448835e-01	-3.366977e-01	1.022545e-01	6.782110e-01	1.254919e-01	-9.637650e-02	8.504150e-01	5.066004e-02	4.031327e-02	-1.059137e+00	-5.654282e-01	4.946896e-01	4.865079e-01	1.444001e-02	2.921922e-01	-2.614778e-01	5.741990e-01	4.799999e-01	1.577758e-01	8.376029e-01	-7.648913e-01	6.185856e-02	-3.773438e-02	1.363503e+00	4.773819e-01	-3.210582e-01	7.851910e-01	4.005397e-02	5.469737e-01	-5.443610e-02	2.760065e-01	-7.232794e-01	-9.749133e-02	5.780327e-01	-1.820317e-01	5.759970e-01	-3.640488e-01	2.449840e-01	-8.114298e-02	-2.128321e-02	3.960947e-01	8.837368e-03	2.092982e-01	7.442517e-02	-2.278512e-01	4.215652e-01	-5.687979e-01	-2.633573e-01	4.637690e-01	6.326617e-01	-2.936455e-01	-7.309422e-02	-1.195393e-01	-3.707461e-01	3.091646e-01	3.628305e-01	-3.659556e-01	-6.911135e-03	1.512483e-01	1.900679e-01	-4.411769e-02	-3.252831e-01	-1.767014e-01	1.977542e-01	1.444533e-01	5.566493e-01	-2.667283e-01	2.458876e-01	-5.660430e-01	-2.895230e-02	9.412931e-01	7.792465e-02	2.686581e-01	-3.502565e-01	-1.730135e-01	-1.331511e-01	-1.399611e-01	-6.242408e-01	4.016133e-01	-4.962306e-01	-4.469469e-01	-2.022083e-01	5.108567e-01	5.337858e-01	-7.370350e-02	-2.118230e-01	6.344119e-02	4.006698e-01	2.061556e-01	-4.046961e-01	2.222952e-01	-2.734388e-03	2.002752e-01	-8.544561e-01	2.478888e-01	2.893473e-02	-2.803961e-01	2.061659e-01	1.689911e-02	-2.525401e-01	2.810280e-01	-1.120077e-01	-4.453742e-02	-2.959257e-01	3.409597e-03	4.701561e-01	4.181227e-01	2.420157e-01	3.432947e-02	1.985221e-02	-6.627195e-01	-7.720122e-01	3.252690e-01	-1.921931e-01	5.398616e-02	-1.628025e-01	-2.617513e-01	-1.431998e-01	-1.182201e-01	1.865847e-03	-1.179764e-01	-7.341980e-03	-1.761313e-01	-4.331260e-01	2.429274e-01	-3.861965e-02	7.789188e-01	-3.557413e-01	1.252700e-01	-2.962772e-01	3.155845e-01	-5.872481e-01	5.233510e-02	7.141210e-02	4.382533e-01	-2.034517e-01	5.217955e-01	-2.102570e-02	6.457337e-02	1.087244e-01	5.286627e-01	-4.690565e-01	1.940971e-01	5.467618e-01	5.821221e-04	4.154030e-01	3.407494e-01	3.172982e-01	-1.414584e-01	1.232350e-01	2.680844e-01	-9.302690e-02	-9.395527e-02	1.498370e-01	-4.809663e-01	-2.597673e-01	-3.309489e-01	6.722987e-02	4.383897e-01	-1.498700e-01	-1.809776e-01	-8.916242e-01	-4.001206e-01	-3.684613e-02	3.319569e-01	-1.337215e-01	3.017899e-01	2.327479e-01	-2.114079e-02	-2.940656e-01	9.245907e-02	-1.715619e-01	3.781714e-01	-1.362605e-01	1.118564e-01	3.005607e-01	5.472918e-02	-1.014997e-01	-2.818492e-01	6.517722e-02	1.035051e-01	-2.558351e-01	3.007199e-01	-2.409861e-01	-2.060567e-01	-3.154537e-01	1.534201e-01	-8.250995e-02	-1.370746e-01	-8.926197e-03	-2.596281e-01	1.694964e-01	-8.714122e-01	-2.213604e-01	3.443601e-01	4.809237e-01	4.690404e-01	6.465001e-02	5.967259e-02	-4.161757e-01	3.150375e-01	-3.983358e-01	3.671067e-01	3.465176e-01	3.158890e-02	-2.301204e-02	1.730374e-01	-5.874644e-02	-7.521912e-02	-4.358625e-01	1.138891e-01	1.374309e-01	-9.475231e-02	-1.962939e-01	2.542263e-02	-3.632877e-01	-1.826659e-01	2.600074e-01	-2.405368e-01	3.901580e-01	-9.758969e-02	-3.136486e-01	-4.365439e-01	3.007275e-01	4.120450e-01	1.576955e-01	-2.581735e-01	-5.266834e-01	-3.050491e-02	7.192808e-02	-3.614584e-01	2.738820e-01	7.309459e-01	-8.433479e-02	1.577640e-01	-1.674982e-01	1.883152e-01	-4.577587e-01	-5.938241e-01	8.815292e-01	1.185634e-01	-5.477731e-01	2.157727e-01	-4.796594e-01	2.938043e-01	4.602313e-01	1.207343e-01	2.331850e-01	-6.307241e-02	-2.890480e-01	1.282024e-01	1.963345e-02	4.064652e-01	3.154415e-01	2.907750e-01	-4.219021e-01	-1.436470e-01	2.027285e-01	-6.067020e-01	9.304427e-02	1.230168e-01	-3.512563e-01	1.142737e+00	-1.085940e-01	-5.997747e-01	3.665811e-02	-1.168073e-01	6.180677e-02	8.233144e-02	-9.063328e-01	-2.980095e-01	-8.714031e-02	-1.182553e-01	7.973858e-01	-6.527215e-01	6.629039e-02	-1.262411e-02	-3.450517e-01	1.214202e+00	-1.399954e-01	-9.240318e-01	1.236006e-01	1.979254e-01	2.096009e-01	-1.252287e-02	-3.552823e-01	2.103547e-01	-6.491226e-01	5.784439e-02	4.368082e-01	-2.377427e-01	-5.451878e-02	2.198405e-01	3.253067e-02	-3.595724e-02	-7.433019e-01	2.103031e-01	1.177021e-01	-1.376743e-01	2.754137e-01	1.205078e+00	2.463544e-01	7.391315e-01	-3.238496e-01	-7.409781e-01	5.022444e-01	4.857183e-03	4.100228e-02	-4.683042e-01	1.237243e+00	-2.304053e-01	-8.745562e-02	-1.224930e-01	-3.452971e-01	-3.310305e-01	1.626422e-01	3.230065e-01	3.332056e-01	-4.158395e-01	4.030086e-01	2.100990e-01	7.207492e-02	1.898459e-01	3.067906e-01	-1.677184e-01	-1.854275e-01	3.540200e-01	1.887304e-01	3.049747e-01	-8.103739e-01	1.290834e-01	1.418361e-02	2.237508e-01	1.198845e-01	2.354570e-01	-3.854572e-01	6.419659e-01	5.448583e-01	8.748176e-02	1.657372e-01	7.561858e-02	2.410550e-01	3.646201e-01	4.364276e-01	4.884617e-01	2.453928e-01	7.129250e-01	-1.245483e+00	1.118754e-01	3.108587e-02	6.065388e-01	2.041765e-01	1.032405e-01	2.506623e-02	-1.899805e+00	-1.242393e-01	7.413729e-02	-2.235328e-01	-2.900155e-01	-2.453716e-01	-8.599372e-02	-4.504070e-01	-2.877715e-01	-3.539215e-01	-1.336084e-01	-1.252736e-01	-1.839007e-01	2.973970e-01	-8.032184e-02	-4.601317e-01	-3.429271e-01	8.395959e-02	-1.433247e-01	1.678181e-01	1.115874e-01	-8.019355e-02	-1.664812e-01	-5.644832e-01	-4.041483e-01	-1.088502e-01	6.254184e-01	-2.027654e-01	-2.146423e-01	7.118282e-02	-2.871470e-01	-2.261864e-01	4.557102e-03	-4.267440e-01	-9.413107e-02	-1.703813e-01	-7.084509e-01	-2.388659e-01	3.302747e-01	3.272795e-01	-2.580886e-01	-1.817608e-01	-6.001161e-01	-1.509142e-01	-1.172453e-01	3.899733e-01	6.550864e-01	-3.187694e-01	1.483033e-01	-2.126496e-01	-2.070026e-01	4.273240e-01	-1.296929e-01	-1.894319e-02	-5.726646e-01	4.443477e-01	3.591617e-02	-1.224878e-01	6.233270e-02	1.200952e+00	-9.115923e-02	-4.851775e-02	1.007366e-01	-5.545556e-02	1.585464e-01	4.126502e-01	2.101579e-01	3.024054e-01	-2.789638e-01	-3.296038e-01	-1.404223e+00	1.706482e-01	1.479810e-01	3.978454e-02	-4.877738e-01	5.417120e-01	4.989580e-01	1.948929e-01	6.234398e-01	-4.650423e-02	4.606323e-02	-8.809368e-02	-2.527568e-01	-2.641713e-01	8.317826e-02	-2.573670e-01	-4.643932e-01	-3.742045e-01	-1.148430e+00	-3.325914e-01	-2.147401e-04	-4.848204e-03	2.878266e-01	3.833480e-01	-4.473389e-01	1.381763e-01	5.252713e-02	-3.098763e-01	1.776111e-01	-4.128341e-02	-3.595755e-01	3.420647e-01	-1.115481e+00	-4.304053e-01	-3.215351e-02	4.325540e-02	-1.698889e-01	-2.419428e-01	2.341810e-01	-1.309619e-01	3.340522e-01	1.107075e-01	8.186657e-01	-1.255180e-01	3.474045e-01	1.826129e-01	8.576985e-02	-1.156197e-01	-1.018144e-01	-2.069605e-01	6.400685e-01	-1.823961e-01	1.862099e-01	-2.098726e-01	5.696527e-01	1.359080e-01	-2.096898e-01	1.566970e-01	-3.449517e-02	1.953529e-01	-9.998740e-02	-4.997630e-03	3.694512e-01	1.730594e-01	-3.256878e-01	3.898237e-01	-1.150353e-01	-3.642354e-01	-1.481868e-01	1.319735e-01	-2.158604e-01	1.261023e-01	1.637637e-01	-4.959421e-01	-5.485274e-02	-1.715269e-01	4.487701e-01	-1.395675e-01	6.436898e-01	-5.241504e-02	2.188521e-01	-5.585408e-02	3.469721e-01	-2.168614e-01	1.902613e-01	-7.579452e-02	7.066292e-02	-2.929733e-01	-4.801075e-01	-8.170516e-03	-3.651448e-02	1.860886e-01	-6.807841e-02	-9.086588e-02	3.743015e-01	-9.780373e-02	-2.313829e-01	3.846335e-01	3.370135e-01	-1.160228e+00	-1.873813e-01	2.129437e-01	-1.952042e-01	7.745623e-03	-2.960314e-01	4.281823e-01	2.457573e-01	-8.077434e-02	-2.491004e-01	-8.061014e-02	-7.794314e-01	-6.568605e-01	2.361957e-01	2.232137e-02	-4.476258e-01	-7.235536e-01	-6.560476e-01	4.601170e-02	-4.015353e-01	-3.887625e-01	-3.027082e-01	8.427751e-02	-2.546395e-01	-4.034953e-01	2.931127e-01	-1.345062e-01	1.759176e-01	2.378777e-01	-1.626327e-01	6.716324e-01	-2.003199e-02	3.261525e-01	2.354921e-01	3.125382e-01	4.401262e-02	-6.107393e-02	-2.818720e-01	-8.000460e-02	4.288341e-01	-1.725444e-01	-1.012162e-01	2.298253e-02	4.612825e-01	-4.527704e-01	1.611983e-01	-1.547060e-01	3.244880e-01	-3.271527e-02	5.195581e-01	3.330909e-01	-2.567468e-01	-1.117973e-01	2.244473e-01	-2.654544e-01	6.251721e-01	-9.362186e-02	-3.584470e-01	9.892219e-01	-2.266234e-01	4.121368e-02	-2.810672e-01	-1.899907e-01	7.737545e-01	1.767564e-01	-2.104054e-02	-4.376491e-01	4.109111e-01	8.268131e-02	6.256986e-01	3.055227e-01	-3.766788e-01	-4.445937e-01	3.070594e-01	-4.353978e-01	-1.075999e-01	3.301168e-01	3.210665e-02	5.533758e-02	7.130486e-01	-1.566541e-01	-1.309790e-01	2.594145e-01	3.930458e-01	-1.860631e-01	2.644180e-01	-2.130210e-01	2.722497e-02	-7.691520e-04	-1.390043e-01	2.705182e-03	-2.938049e-02	-1.475440e-01	1.325994e-01	-1.166650e-01	-5.304175e-01	-4.036483e-02	2.269227e-01	4.888771e-02	1.175958e-01	-3.846540e-02	-6.892900e-02	-6.214659e-01	-1.503036e-01	2.404884e-01	-1.223554e-02	3.956360e-01	4.284739e-02	3.804409e-01	-2.423114e-01	1.456958e-01	-6.401473e-01	-6.146070e-01	-3.515131e-01	-1.557989e-01	-4.971872e-01	-8.294167e-02	3.846689e-01	3.088143e-01	-2.993607e-01	-1.525094e-02	-2.690987e-01	-5.757543e-02	-8.723511e-04	-2.500368e-01	-4.395539e-01	-2.385680e-02	1.273731e-01	2.039519e-01	1.992028e-01	-5.433643e-01	1.395100e-01	1.169159e-01	-1.506260e-03	-3.294782e-02	2.040663e-01	-9.746421e-02	-3.832618e-01	4.838681e-02	-1.434190e+00	-9.452990e-02	-1.469107e-01	3.048396e-01	-1.607648e-01	2.280753e-01	6.412143e-01	-1.321078e-01	-8.834260e-02	1.451043e-01	-5.739794e-01	-1.158036e-01	-1.948611e-01	-2.314896e-01	2.076283e-01	6.053807e-01	-1.422873e-01	2.117980e-01	-5.505096e-01	-3.754761e-01	1.168750e-01	-1.982077e-01	1.393126e-01	-9.592292e-02	4.164623e-03	-6.091069e-01	5.522472e-01	4.138432e-02	1.646440e-01	-3.491031e-01	-1.286725e+00	2.853275e-01	-5.867435e-01	1.371658e-01	9.631739e-02	1.745349e-01	-6.646830e-03	
1.123016e-01	-3.444553e-01	4.907180e-01	-2.052784e-01	2.130769e-01	4.298191e-01	-2.700501e-01	1.284653e-01	8.384559e-03	2.700928e-01	3.455697e-02	5.763616e-01	2.146903e-01	4.286540e-02	8.554633e-02	-3.826568e-01	4.563213e-01	-1.195779e-01	-2.189101e-01	1.680910e-02	-3.574068e-01	-2.274758e-01	-4.870973e-02	8.118191e-02	-2.729174e-01	6.846502e-01	-2.263872e-01	-1.745736e-01	-3.244650e-01	-5.048943e-01	2.069801e-01	2.139934e-01	-3.045964e-01	6.225585e-01	-1.115828e-01	7.413753e-02	-4.010374e-02	5.775589e-02	4.083118e-01	-3.178214e-01	-3.027776e-01	-1.184215e-01	-3.954009e-01	-2.875353e-03	1.229538e-01	-6.481328e-01	1.606735e-01	-3.268100e-02	5.421703e-02	6.612632e-01	-4.621132e-02	-2.806652e-01	-1.958004e-01	1.251503e-01	-1.763744e-01	1.132452e-01	-1.053928e-01	-5.548895e-02	5.994397e-02	-2.003854e-02	-8.081903e-02	-8.092138e-02	-4.188818e-01	-2.664099e-01	-2.309271e-02	2.412511e-01	1.117616e-01	-1.265548e-02	1.297312e-01	5.973474e-01	-5.957487e-01	2.325040e-01	2.404625e-01	1.372976e-01	-3.461767e-01	4.759902e-01	2.313801e-01	-6.524635e-03	-9.651529e-01	-5.072260e-01	5.088575e-01	3.657950e-01	1.269443e-01	1.275370e-01	-8.495937e-03	4.278330e-01	3.938719e-01	-4.876107e-02	5.839357e-01	-7.342957e-01	7.577279e-02	-1.597170e-01	8.663598e-01	2.846137e-01	-1.580222e-01	8.097792e-01	5.655989e-02	4.531407e-01	1.801462e-01	3.317865e-02	-5.716971e-01	5.383502e-02	2.377865e-01	-2.374248e-01	1.584545e-01	-3.383917e-01	-7.588492e-02	-2.745968e-01	1.143361e-01	2.406173e-01	-2.075058e-02	6.286547e-02	2.229034e-01	-3.048478e-01	4.004706e-01	-5.187345e-01	-8.762866e-02	2.439351e-01	4.925278e-01	-3.731308e-01	-1.635294e-01	8.571116e-02	-5.277148e-02	2.073919e-01	-1.337928e-01	-1.173426e-01	-4.547653e-02	1.091694e-01	1.513008e-01	3.330887e-01	-2.153868e-01	-1.340129e-01	1.878790e-01	6.089451e-02	2.871579e-01	-9.653145e-02	-1.978496e-01	-3.061404e-01	-2.002501e-01	8.910563e-01	2.719299e-01	1.964419e-01	-2.934398e-01	-6.616790e-02	-3.517233e-01	-1.452273e-01	-5.428186e-01	1.204533e-01	-4.918979e-01	-2.054709e-01	-9.065048e-02	3.745085e-01	5.033342e-01	7.557724e-02	-3.593493e-01	-4.310312e-02	5.358016e-01	2.518616e-02	-4.111023e-01	2.366777e-01	-2.251566e-01	3.335198e-03	-7.320226e-01	4.032377e-02	1.300274e-01	-1.416173e-01	1.122024e-01	-3.313503e-01	-5.788226e-02	3.087302e-01	-1.862383e-01	-5.661723e-02	-2.833434e-01	-3.841888e-02	4.333678e-01	5.372552e-01	9.790316e-02	2.416301e-02	-1.446943e-01	-2.771050e-01	-7.019736e-01	1.611105e-01	-1.292591e-01	-3.389944e-02	-1.880949e-01	1.284145e-01	-6.653656e-02	-3.230867e-01	2.976500e-02	1.683667e-01	8.513322e-02	-5.972544e-03	-2.501727e-01	2.880201e-01	-4.882505e-02	6.078456e-01	-2.135896e-01	3.255980e-01	1.294222e-02	-2.970685e-02	-4.935967e-01	2.523493e-04	8.994059e-02	9.177071e-02	-1.061064e-01	5.623422e-01	-3.930061e-02	-4.238651e-02	-3.250033e-02	8.344924e-01	-2.923612e-01	-3.869703e-01	5.868211e-01	-4.206668e-02	2.799901e-01	-9.348992e-02	4.795286e-02	-4.047761e-02	1.876279e-01	9.245782e-02	-2.039486e-01	1.632360e-01	-3.956534e-01	-2.807873e-01	-1.529720e-01	-1.075487e-01	-8.985584e-02	1.614112e-01	-2.482232e-01	-3.673516e-01	-7.147318e-01	-1.618882e-01	-2.337308e-01	2.708799e-01	-2.387610e-01	-9.891365e-03	2.007790e-01	-2.427968e-01	8.139084e-03	-6.760583e-02	-5.774720e-02	1.708549e-01	-7.119802e-02	1.768195e-02	3.830879e-02	-1.300962e-01	-9.383549e-02	-2.718999e-01	2.233623e-01	-1.591631e-01	-4.715579e-01	-5.332902e-02	1.339543e-01	-2.541084e-01	3.346001e-02	1.271221e-01	5.287103e-02	-6.763580e-02	1.608891e-01	-2.963735e-01	9.265406e-02	-4.637425e-01	5.692609e-02	4.468449e-01	2.782075e-01	4.152533e-01	-3.094095e-02	1.173820e-01	-3.389603e-01	2.395324e-01	-1.774228e-01	4.598713e-01	2.975374e-01	2.664289e-01	-3.063626e-03	9.672039e-02	1.470784e-01	-2.561955e-01	-5.875432e-01	1.171279e-01	1.374767e-01	-6.755357e-02	-2.828764e-01	2.706140e-01	-4.966625e-01	-4.080178e-01	1.773698e-01	-3.532716e-01	3.562034e-01	1.816930e-01	-1.433596e-01	-3.461880e-01	3.495280e-01	4.450379e-01	1.731679e-01	-1.583834e-02	-4.101321e-01	6.404484e-02	1.630077e-01	-9.962855e-02	3.446526e-01	4.420446e-01	-4.043728e-01	3.464144e-01	-5.233045e-01	-1.890134e-01	-4.229537e-01	-2.512445e-01	7.104535e-01	2.937053e-01	-4.150282e-01	2.900381e-01	-2.883020e-01	4.132846e-01	4.427132e-01	1.633233e-01	2.612941e-01	-2.982835e-02	-3.727432e-01	-1.043463e-01	2.118742e-02	-8.457237e-05	4.336188e-01	1.156027e-01	-4.351417e-01	-5.483688e-02	2.366876e-01	-4.221433e-01	2.068227e-01	3.343042e-01	-1.348583e-01	1.379921e+00	-2.350045e-01	-3.235848e-01	-9.095973e-02	-1.989790e-01	-4.834436e-02	7.057335e-02	-5.485294e-01	-1.983331e-01	4.143022e-01	-1.145215e-01	5.081809e-01	-5.302163e-01	2.238890e-01	7.299814e-02	-2.306160e-01	1.116923e+00	1.812478e-01	-8.409364e-01	1.219372e-01	1.658252e-01	1.597197e-01	-3.887950e-02	1.922226e-02	2.480069e-01	-5.647330e-01	1.195826e-02	3.528558e-01	-8.441871e-02	-4.921340e-02	2.715264e-02	-2.645124e-01	-8.985227e-02	-5.655758e-01	1.680216e-01	1.678328e-01	-3.734651e-02	1.596907e-01	7.591273e-01	1.784339e-01	6.414935e-01	-3.007933e-01	-6.001791e-01	2.867947e-01	2.178530e-01	-1.810882e-01	-4.220355e-01	6.947336e-01	-8.792713e-02	-6.220308e-02	-1.108723e-01	-3.489035e-01	-2.629679e-01	2.697966e-01	2.145272e-01	3.141262e-01	-2.711914e-01	2.404064e-01	1.445030e-01	2.023389e-01	3.810943e-01	-1.841014e-01	-1.138618e-01	-2.585284e-01	4.682150e-01	7.784155e-02	1.139954e-01	-3.780972e-01	2.590576e-01	1.389921e-01	1.507125e-01	1.573997e-01	1.175138e-01	-2.620621e-01	5.871696e-01	3.979679e-01	8.719365e-04	1.355050e-01	2.549103e-01	2.540646e-01	7.529809e-01	-1.078999e-01	2.712050e-01	-2.640688e-02	4.399608e-01	-9.453269e-01	1.773393e-01	7.398651e-02	4.227031e-01	2.812082e-02	1.485951e-01	-5.021869e-02	-1.206324e+00	-1.291935e-01	-3.126722e-02	8.990651e-02	2.159635e-02	-4.875863e-01	-1.781134e-01	-1.652177e-01	-6.057708e-02	-4.844441e-02	-1.056063e-01	-3.078177e-01	-1.781746e-01	-3.599468e-02	-2.334254e-01	-3.257281e-01	-1.529920e-01	1.324005e-01	-1.763426e-01	1.337627e-01	2.320486e-01	-2.292700e-01	-2.915701e-02	-3.061157e-01	-2.125301e-01	-1.142223e-01	6.167868e-01	-1.528960e-01	-3.673574e-01	-2.246255e-02	-3.586707e-01	-1.225756e-01	-1.130396e-01	-2.957248e-01	1.496097e-01	-1.001745e-02	-5.506606e-01	-1.245229e-01	5.760419e-02	2.131904e-01	-1.979663e-01	-2.802809e-02	-2.117048e-01	-2.385914e-01	-6.847223e-02	2.932309e-01	4.815759e-01	-2.204213e-01	-7.210480e-02	-3.781080e-01	3.065306e-02	6.837016e-02	-4.367715e-01	-9.024555e-02	-3.924931e-01	2.638859e-01	1.558666e-01	6.449763e-02	9.003253e-02	1.018621e+00	-1.278050e-01	-4.558838e-02	1.438956e-01	2.913170e-01	-2.418337e-01	1.511927e-01	3.294003e-01	4.831209e-01	2.739422e-02	-1.559445e-01	-1.062005e+00	8.521696e-02	1.416668e-01	-1.644259e-01	-1.465246e-01	6.780155e-01	5.792205e-01	1.099228e-01	4.933445e-01	-3.125156e-01	-1.015476e-01	-1.892181e-01	-3.478529e-01	-1.965343e-01	1.539918e-01	-3.557006e-01	-3.865697e-01	-2.753009e-01	-8.945558e-01	-3.021805e-01	-3.010656e-02	-7.464890e-02	3.192895e-01	1.915878e-01	-2.811720e-01	-5.748831e-02	2.314707e-01	-9.598248e-02	1.900601e-01	1.204814e-01	-3.613055e-01	1.399372e-01	-5.327917e-01	-3.264467e-01	3.126384e-02	1.305732e-01	-1.709815e-01	-1.181367e-01	3.082003e-02	-5.860816e-02	3.530773e-01	4.881444e-02	8.073877e-01	3.984531e-02	2.124607e-01	1.318309e-01	2.006153e-01	-1.070734e-02	-8.697715e-02	-1.091953e-01	5.175564e-01	-1.167852e-01	1.672227e-01	-2.624691e-01	3.970177e-01	1.706476e-01	1.080076e-01	2.749637e-02	-2.566732e-01	3.604747e-01	-1.342355e-01	2.619678e-01	1.111519e-01	2.248131e-01	-2.208019e-01	3.798575e-01	1.669296e-01	-2.717006e-01	-1.269239e-02	1.875014e-01	-2.780746e-01	-1.051764e-01	4.243807e-01	-5.014728e-01	1.760726e-01	2.562410e-01	4.725464e-01	-1.537052e-01	3.273591e-01	-7.069222e-02	3.094411e-01	-3.731671e-02	4.685860e-01	-2.919275e-01	-4.003241e-02	-1.032451e-01	7.933615e-02	-2.894507e-01	-2.856880e-01	7.253524e-02	5.935188e-02	1.872583e-01	-3.981263e-02	2.361283e-02	1.674919e-01	-1.028502e-02	1.140107e-01	2.341962e-01	4.535589e-01	-5.694271e-01	-5.355060e-02	1.477149e-01	1.867884e-01	-4.184387e-02	-4.342514e-01	2.785621e-01	1.831628e-02	3.283883e-01	-2.202267e-01	2.834667e-02	-4.271149e-01	-5.710003e-01	-2.340989e-01	2.121575e-02	-3.122670e-01	-3.166009e-01	-2.935567e-01	9.851753e-02	-2.060338e-02	-3.152162e-01	-3.644686e-02	-5.076435e-02	-6.294168e-04	-3.588179e-01	9.622131e-02	1.555443e-01	4.408782e-01	2.037014e-01	-6.996477e-02	6.626384e-01	1.538997e-02	2.060696e-01	1.470083e-01	-7.848323e-02	-5.420349e-03	-1.346926e-01	-5.393030e-02	3.557230e-04	2.508658e-01	-5.410890e-02	-1.720805e-01	-3.972111e-04	3.942795e-01	-4.413285e-01	4.695252e-01	-3.501471e-01	4.644397e-01	-1.046262e-01	2.698033e-01	1.950571e-01	-3.594871e-01	-1.727317e-02	1.992789e-01	-1.743900e-01	6.880556e-01	-1.037825e-01	-1.729904e-01	6.083488e-01	-2.712223e-01	2.418086e-01	-1.549934e-01	-6.482486e-02	4.213144e-01	-1.564541e-01	1.077257e-01	-2.356184e-01	3.773924e-01	4.638614e-02	4.114448e-01	2.281486e-01	-1.935268e-01	-2.203715e-01	1.491677e-01	-2.407133e-01	1.456201e-02	1.973255e-01	1.398014e-01	5.930990e-02	3.971378e-01	2.856435e-01	-2.884771e-01	3.359888e-02	1.369723e-01	7.831141e-02	2.768597e-01	5.711790e-02	3.426614e-02	-2.070073e-01	-2.496916e-01	-8.868631e-03	-1.278003e-01	-2.693491e-01	4.489654e-01	-2.656384e-01	-1.370494e-01	-1.176179e-01	2.905589e-02	-3.099365e-02	1.109927e-01	-2.180056e-01	-7.253337e-02	-7.401455e-01	3.457155e-02	9.947334e-02	5.113561e-02	2.800099e-01	1.999020e-01	4.271686e-01	-7.743115e-01	1.560840e-01	-2.280902e-01	-5.551883e-01	-2.497029e-01	-3.869742e-01	-3.305103e-01	7.288111e-02	6.166278e-01	3.704726e-01	-1.567387e-01	1.302471e-01	-2.794737e-01	1.456650e-01	1.209422e-01	-8.375507e-02	-3.126417e-01	-1.653093e-01	2.491714e-01	7.764781e-02	2.584583e-01	-6.660115e-01	-4.968701e-02	1.307856e-01	8.103839e-02	3.326115e-01	-5.848673e-02	-3.122248e-03	-4.494099e-01	-2.642966e-02	-1.545975e+00	-1.311356e-01	-1.001976e-01	3.656950e-01	-1.182205e-01	3.508330e-02	5.345080e-01	-2.295682e-01	6.574561e-02	3.010169e-01	-4.540024e-01	-1.704879e-01	-4.327121e-02	-1.360956e-01	2.663833e-01	1.927302e-01	-6.062921e-02	3.565231e-01	-4.160339e-01	-4.453936e-01	2.146916e-01	-2.726755e-01	5.955803e-02	-6.502945e-02	3.144789e-02	-4.519766e-01	5.705971e-01	5.737524e-02	3.109444e-01	-4.730707e-01	-1.069938e+00	4.709347e-02	-5.291207e-01	-1.729182e-02	7.333913e-02	4.400096e-01	-8.038550e-02	
-2.099439e-01	-4.271340e-01	7.978202e-01	1.790888e-04	2.313129e-01	2.958833e-01	-3.264686e-01	-6.474593e-02	8.776998e-02	-1.350748e-01	-3.747745e-01	4.857138e-01	2.417261e-01	2.230314e-01	-9.565583e-03	-2.334800e-01	5.993478e-01	-3.910526e-01	-3.787864e-02	-2.248160e-01	-4.620978e-01	2.619051e-02	-1.522460e-01	1.235620e-01	-3.048591e-01	8.296273e-01	-3.182180e-01	-2.706832e-01	-2.835248e-01	-5.764436e-01	2.911386e-01	3.127658e-01	-3.576817e-01	6.585869e-01	9.852686e-03	3.352374e-01	-1.756599e-01	3.083933e-02	7.410682e-01	-4.128316e-01	-2.511458e-01	3.470310e-01	-8.633424e-02	1.336163e-01	-8.905300e-02	-4.553421e-01	1.145656e-01	-1.491974e-02	4.298905e-02	2.435275e-01	-2.142853e-01	-2.424754e-01	9.953756e-02	2.309911e-01	-1.004877e-01	8.322052e-02	1.474746e-01	-1.492015e-01	9.889304e-02	-1.206864e-01	2.232235e-02	-1.937865e-02	-5.683385e-01	8.483669e-04	-1.064339e-02	2.294980e-01	-2.076533e-01	1.536786e-01	2.635831e-01	4.406793e-01	-2.956598e-01	1.764826e-01	7.583632e-01	-1.031094e-01	-8.565162e-03	6.067013e-01	2.571031e-01	2.209933e-03	-9.115855e-01	-5.955028e-01	5.430154e-01	3.891079e-01	-3.044212e-02	2.574482e-01	-3.551932e-01	5.551963e-01	4.788631e-01	2.458472e-01	8.199787e-01	-7.287567e-01	8.410062e-02	1.428258e-01	1.226750e+00	2.691104e-01	-1.954826e-01	6.386110e-01	2.177990e-01	6.434276e-01	-3.464410e-02	1.998067e-01	-5.194044e-01	-1.403503e-01	5.620204e-01	-1.167673e-01	3.518366e-01	-3.217857e-01	3.155177e-01	6.131446e-02	2.759853e-02	4.026896e-01	6.502914e-02	2.651202e-02	1.514361e-01	-2.923795e-01	6.230827e-01	-5.326864e-01	-3.803725e-01	1.964969e-01	4.109551e-01	-3.794844e-01	-1.061949e-01	5.744677e-02	-3.092455e-01	2.468185e-01	2.435588e-01	-3.912310e-01	1.256912e-02	5.470577e-02	4.380526e-01	2.214418e-01	-3.754659e-01	-1.103890e-01	1.190944e-01	4.429997e-02	6.988190e-01	-2.095641e-01	1.350174e-01	-6.204592e-01	-1.643367e-02	1.086422e+00	1.555509e-01	3.033662e-01	-3.244956e-01	-3.099079e-01	-2.175760e-01	2.522886e-02	-5.380224e-01	3.639586e-01	-6.072671e-01	-3.071866e-01	-7.703879e-02	5.794517e-01	5.018347e-01	-3.317482e-01	-1.700790e-01	1.056173e-03	3.084891e-01	2.526628e-01	-3.734407e-01	2.450794e-01	3.093608e-02	-3.323217e-02	-7.329499e-01	3.257701e-01	2.001020e-01	-2.018512e-01	1.257593e-01	-2.364807e-01	-1.613007e-03	1.801716e-01	-8.309826e-03	-1.399697e-01	-1.573820e-01	1.662667e-01	4.018080e-01	3.344176e-01	1.484448e-01	6.934733e-03	-3.992660e-02	-4.910959e-01	-6.954717e-01	3.190144e-01	-1.804580e-01	7.011110e-02	-4.978879e-02	8.063017e-02	-8.201160e-02	-1.970775e-01	-5.376915e-02	-8.023222e-02	-1.120933e-02	-2.049966e-01	-5.329664e-01	1.540001e-01	-1.352135e-01	7.315084e-01	-4.591921e-01	2.347339e-01	2.195789e-02	3.160533e-01	-5.153870e-01	8.871749e-02	2.209579e-01	3.607959e-01	-2.036362e-01	4.841260e-01	2.515452e-02	6.542841e-02	7.035551e-02	5.511296e-01	-4.970810e-01	-4.360903e-02	3.721516e-01	6.973351e-03	3.878167e-01	2.830149e-01	3.791395e-01	-1.714490e-02	-1.233627e-01	2.502546e-01	-6.789329e-02	4.792045e-02	-2.763009e-01	-3.858227e-01	-4.692320e-01	-1.799630e-01	-2.871063e-02	3.106683e-01	-8.664830e-02	-5.910392e-01	-7.456450e-01	-3.610392e-01	-3.417370e-01	2.834991e-01	-1.615365e-01	1.527074e-01	1.327969e-01	1.360898e-02	-3.201542e-01	9.807901e-02	-2.196717e-01	1.884539e-01	-1.557945e-01	1.952820e-01	2.171937e-01	6.579293e-02	-1.042526e-01	-2.065833e-01	2.882193e-01	-3.180235e-02	-2.042887e-01	2.192592e-01	-3.619204e-02	-5.134922e-01	-2.588703e-01	2.380567e-01	7.151377e-02	-1.946772e-01	9.846868e-02	-1.971807e-01	3.780220e-01	-8.168052e-01	-3.965370e-01	3.782648e-01	4.383197e-01	3.939893e-01	-5.793865e-03	1.411844e-01	-2.126669e-01	4.238913e-01	-4.852867e-01	4.238059e-01	4.033417e-01	7.635710e-02	6.057001e-02	1.977586e-01	7.224792e-02	1.996112e-01	-3.528608e-01	1.895543e-01	6.812920e-02	-3.128862e-01	-2.173413e-01	2.508109e-04	-5.091991e-01	-2.952040e-01	2.320933e-01	-3.218789e-01	4.639889e-01	-1.828729e-02	-3.909731e-02	-4.702058e-01	2.094191e-01	4.165167e-01	1.582980e-01	-2.161572e-01	-4.134269e-01	-2.345891e-01	-1.462144e-02	-1.698943e-01	2.299708e-01	6.901214e-01	-1.982173e-01	2.665496e-01	-2.268992e-01	2.214405e-02	-3.573508e-01	-4.996932e-01	8.918802e-01	3.225643e-02	-5.756232e-01	3.246616e-01	-6.761213e-01	2.556977e-01	2.948578e-01	4.259344e-02	1.114106e-01	-1.519930e-01	-3.359678e-01	-1.086827e-01	9.825753e-02	2.380503e-01	3.666312e-01	1.837193e-01	-4.298556e-01	8.206953e-02	8.176225e-02	-5.222830e-01	1.824657e-01	3.098190e-01	-3.150510e-01	1.549155e+00	5.514834e-03	-6.962403e-01	-5.874601e-02	-1.693950e-01	-6.551991e-02	-4.288521e-02	-8.111671e-01	-3.918076e-01	5.334650e-02	-2.890265e-01	8.135727e-01	-5.534412e-01	-9.555589e-02	-1.521402e-01	-3.222435e-01	8.624374e-01	-2.569791e-01	-1.061022e+00	2.201499e-01	2.586374e-01	2.080375e-01	3.106434e-02	-5.750405e-01	3.076362e-01	-1.084438e+00	-7.981246e-02	4.721224e-01	-2.358069e-01	3.192793e-02	1.601227e-01	2.875315e-02	3.136163e-02	-6.477463e-01	6.054824e-02	5.510319e-02	-2.226299e-01	1.848990e-01	8.901538e-01	7.171392e-02	7.423494e-01	-2.372566e-01	-4.805285e-01	1.761806e-01	1.313670e-01	-2.804531e-01	-5.124394e-01	1.039775e+00	-1.973739e-01	1.090498e-01	-2.397072e-01	-4.549995e-01	-3.930386e-01	1.461951e-01	7.793958e-02	5.251853e-01	-2.583366e-01	3.869048e-01	2.464303e-01	-2.050979e-03	3.576136e-01	2.434012e-01	-3.142656e-01	-1.343613e-01	4.488685e-01	2.470615e-01	3.025520e-01	-5.363610e-01	8.767366e-02	2.088685e-01	2.115210e-01	2.706080e-02	1.562355e-01	-1.566989e-01	5.673552e-01	6.147660e-01	2.717986e-02	8.246469e-02	2.976510e-01	2.232087e-01	1.677856e-01	1.114490e-01	3.334570e-01	2.254201e-01	5.935003e-01	-9.752657e-01	2.684198e-01	-4.211658e-03	6.054242e-01	3.185901e-01	6.885117e-02	-6.070650e-02	-1.326091e+00	-2.518104e-01	2.035523e-02	-3.660735e-02	-2.019672e-01	-1.349773e-01	-7.147855e-02	-2.592669e-01	-1.953380e-01	1.051097e-02	-1.731370e-01	-1.574893e-01	-7.015628e-02	3.261436e-01	3.979231e-02	-4.705145e-01	-3.298940e-01	-6.023036e-02	1.838287e-03	1.171924e-01	-3.396868e-02	-3.143491e-01	-1.648957e-01	-6.141896e-01	-3.102343e-01	3.596386e-03	6.416248e-01	-1.954596e-01	-4.080773e-01	8.056307e-02	-8.776569e-02	-1.694800e-01	-2.944728e-01	-2.908514e-01	-1.999168e-01	-1.919523e-01	-5.653626e-01	-1.449939e-01	1.467953e-01	3.555714e-01	-3.662081e-01	-1.907236e-01	-7.423782e-01	-2.036305e-01	-1.710581e-01	4.492364e-01	5.952621e-01	-4.410460e-01	1.009579e-01	-8.872069e-03	1.494216e-01	3.753191e-01	-1.755580e-01	-1.159359e-01	-4.891780e-01	4.922793e-01	9.976043e-02	-3.010784e-01	-4.894872e-02	1.223073e+00	-8.797541e-02	6.296016e-02	2.785770e-01	4.920245e-02	3.381383e-02	3.663784e-01	1.295406e-01	3.299001e-01	-2.008726e-01	-1.696198e-01	-1.362307e+00	-3.894554e-02	-2.609978e-02	2.268260e-01	-5.255626e-01	6.067169e-01	7.994286e-01	1.590132e-01	5.523025e-01	-3.925139e-02	1.846256e-02	2.340077e-01	-1.970573e-01	-2.513282e-01	7.072210e-02	-2.774798e-01	-4.020867e-01	-2.618209e-01	-1.076461e+00	-1.615908e-01	-8.993302e-02	-4.778482e-02	3.347138e-01	3.889945e-01	-4.747269e-01	1.475044e-01	2.880393e-01	-4.254802e-01	-1.909760e-02	-2.717852e-02	-3.773037e-01	4.076746e-01	-1.004082e+00	-4.121379e-01	-3.467826e-02	1.650536e-02	-1.824174e-01	-2.299962e-01	3.416166e-01	-1.132817e-01	3.070013e-01	4.559542e-02	1.072433e+00	-1.117389e-01	2.500986e-01	5.904641e-02	7.311273e-02	-1.379278e-01	-2.038671e-01	-9.691095e-02	4.441786e-01	-6.012882e-02	2.462717e-01	-1.954482e-01	4.409338e-01	1.676705e-01	1.409490e-02	1.576607e-01	-3.324674e-01	3.704480e-01	-1.722177e-01	1.495742e-01	1.097433e-01	4.920033e-02	-4.080523e-01	4.767660e-01	2.149303e-02	-3.060388e-01	-2.888831e-02	1.176379e-01	-4.098089e-02	2.067850e-02	1.232945e-01	-2.197760e-01	-2.846166e-02	-1.446733e-01	4.226429e-01	-1.073893e-01	4.682944e-01	9.569635e-02	3.885741e-01	-1.807000e-02	4.845878e-01	-2.353870e-01	-4.005528e-02	-2.444266e-01	-3.920932e-02	-3.950321e-01	-4.245997e-01	-2.884617e-01	2.764351e-02	3.551473e-01	-7.147186e-02	-8.566698e-03	3.507716e-01	1.184734e-01	-2.189055e-01	3.149364e-01	9.521209e-02	-1.247246e+00	-1.177003e-01	2.647363e-01	-9.797004e-02	1.279857e-01	-2.203978e-01	2.136036e-01	-3.715381e-03	9.645674e-02	-2.463466e-01	-1.280929e-01	-7.773099e-01	-4.134670e-01	2.447644e-01	1.578531e-01	-3.706432e-01	-3.529813e-01	-3.786506e-01	6.285328e-02	-6.031301e-02	-4.429107e-01	-3.221185e-01	2.142943e-02	-4.284606e-02	-2.599303e-01	3.203190e-01	-2.651473e-01	2.467204e-01	2.749710e-01	6.247514e-02	6.970699e-01	-1.052948e-01	2.787137e-01	1.067761e-01	2.860790e-01	-1.415347e-01	-1.661793e-01	-7.048423e-02	-9.267689e-02	4.467019e-01	-2.559624e-01	-2.247920e-01	8.582516e-02	3.577348e-01	-1.096993e-01	1.234194e-01	-1.480503e-01	2.865069e-01	-8.884092e-02	4.986430e-01	2.920219e-01	-3.346109e-01	-1.525155e-01	6.018454e-02	-1.232709e-01	5.903830e-01	-1.876054e-02	-2.351376e-01	7.201222e-01	-3.681069e-02	1.282344e-01	-3.578814e-01	-3.335460e-01	7.746925e-01	2.717545e-01	-2.303300e-01	-4.908406e-01	3.206302e-01	3.088319e-01	4.739387e-01	4.565257e-01	-2.470447e-01	-4.834802e-01	1.681757e-01	-4.238080e-01	4.428641e-02	3.391904e-01	2.566495e-01	1.322623e-01	6.157005e-01	-2.249807e-01	-4.652946e-02	2.873643e-01	3.163673e-01	2.112011e-03	1.785194e-01	-1.398377e-01	-5.966515e-03	-7.442392e-02	-1.001951e-01	-3.464936e-02	-6.037102e-02	-6.136750e-02	1.090144e-01	-2.347630e-02	-5.070930e-01	-2.462877e-01	1.694441e-01	-1.821834e-01	1.644368e-01	-1.100628e-01	1.366566e-01	-5.697693e-01	-1.906165e-01	1.028150e-01	1.311065e-01	3.291169e-01	-1.462279e-02	3.313008e-01	-4.437339e-01	1.619098e-01	-6.422737e-01	-6.907148e-01	-3.030820e-01	-3.203077e-01	-4.544284e-01	3.521427e-02	3.700550e-01	4.590093e-01	-2.110802e-01	-1.266252e-02	-3.702222e-01	1.547906e-02	1.131669e-02	-2.401233e-01	-4.796080e-01	-1.342906e-01	2.081971e-01	4.566952e-02	3.235716e-01	-7.344305e-01	1.671226e-01	-6.901032e-02	-1.485042e-03	2.279032e-01	1.926121e-01	-2.606702e-01	-1.687493e-01	1.405075e-01	-1.345021e+00	8.182884e-02	-1.250905e-01	3.644974e-01	-3.350452e-02	1.161992e-01	5.338151e-01	-1.413626e-01	4.205990e-02	3.863612e-01	-3.971753e-01	-2.145009e-01	-1.913345e-01	-1.323121e-01	3.823504e-01	3.060539e-01	-1.892884e-01	1.156828e-01	-2.720922e-01	-4.238765e-01	2.897745e-01	-1.939690e-01	1.938311e-02	-1.322234e-01	7.219927e-02	-4.926673e-01	5.521202e-01	4.918518e-02	2.327887e-01	-4.143195e-01	-1.142055e+00	6.531277e-02	-6.007799e-01	2.070665e-01	5.519371e-02	4.007048e-01	-7.690255e-02	
-1.137924e-01	-4.435886e-01	8.260508e-01	2.750112e-02	4.818757e-01	2.608732e-01	-2.228503e-01	7.993227e-02	-2.587656e-01	3.795493e-02	-6.020655e-03	6.240299e-01	3.637586e-02	-1.227936e-01	1.147140e-01	-2.231298e-01	7.602245e-01	-5.966907e-01	-1.876184e-01	4.384061e-03	-5.252371e-01	-1.533285e-01	3.350594e-01	7.114352e-02	-1.323747e-01	9.860718e-01	-5.053272e-01	2.801207e-02	-1.531222e-01	-4.458010e-01	1.829502e-01	4.321036e-01	-2.510971e-01	4.080510e-01	-3.323133e-03	-4.500469e-02	-8.070937e-02	3.619196e-02	5.054929e-01	-3.251824e-01	-5.217089e-01	-1.857557e-01	-1.567315e-01	3.890555e-02	5.460510e-02	-5.465128e-01	2.837687e-01	-2.563066e-01	3.920117e-02	7.051546e-01	-1.215099e-01	-1.593579e-01	8.316284e-02	7.507462e-02	-7.376987e-02	2.549386e-01	8.064776e-02	4.010618e-03	5.372965e-02	-5.513194e-02	-7.288153e-02	2.433258e-01	-3.112739e-01	8.682036e-03	-2.183091e-01	-8.029407e-02	-6.057304e-02	1.567589e-01	2.011003e-01	6.752679e-01	-5.798732e-01	1.264803e-01	6.454892e-01	1.197141e-01	-1.310583e-01	9.890971e-01	9.341580e-03	-5.776215e-02	-1.075068e+00	-6.125504e-01	4.399584e-01	3.381584e-01	2.234620e-01	2.270944e-01	-1.416456e-01	5.494617e-01	3.337626e-01	1.463874e-01	7.838774e-01	-5.454206e-01	9.219117e-02	-1.071709e-01	1.092828e+00	2.743357e-01	-3.671613e-01	6.191140e-01	5.766064e-02	4.312537e-01	-3.085671e-02	1.233304e-01	-7.332497e-01	1.868138e-02	3.531986e-01	8.827777e-02	4.517668e-01	-4.332498e-01	2.177435e-01	-1.558235e-01	2.646392e-04	5.063924e-01	2.471106e-02	-2.166238e-02	9.772594e-02	-3.960333e-01	3.867374e-01	-3.348321e-01	-1.727828e-01	4.483787e-01	6.137300e-01	-3.736706e-01	9.370298e-02	-5.029550e-03	-2.690489e-01	2.585790e-01	1.801387e-01	-2.850859e-01	-1.179970e-01	4.765413e-01	-1.903020e-01	2.436390e-01	-1.604284e-01	1.360133e-01	5.208798e-02	1.703096e-01	4.806775e-01	-6.508780e-02	4.645798e-03	-3.086857e-01	-2.861062e-01	7.953708e-01	1.796209e-01	3.079834e-01	-3.429656e-01	-2.860344e-02	-2.607873e-01	-2.000116e-02	-6.179916e-01	3.862540e-01	-3.813874e-01	-2.636013e-01	-1.362005e-01	2.056773e-01	3.775948e-01	2.849964e-01	-1.082931e-01	-4.446603e-02	3.988223e-01	1.314034e-01	-3.809154e-01	4.222303e-01	-2.048152e-01	4.100103e-01	-8.516213e-01	3.657759e-01	-1.910464e-01	-2.114015e-01	1.562295e-01	-5.429222e-02	-1.769474e-01	2.817391e-01	-9.572831e-02	2.720242e-02	-5.168731e-01	7.149080e-02	4.210032e-01	2.911842e-01	2.340667e-02	7.139231e-02	1.369485e-02	-7.616041e-01	-5.168403e-01	2.483322e-01	-8.161932e-02	-1.755511e-01	-1.070845e-01	-8.104061e-02	7.805806e-02	-1.750199e-01	-1.558247e-01	4.885440e-02	-3.479323e-01	-2.418385e-01	-2.740234e-01	4.444120e-01	-1.296307e-01	5.519601e-01	-2.668424e-01	3.588379e-01	-2.602833e-01	1.666074e-01	-5.026966e-01	1.173949e-01	-9.508821e-02	1.272319e-01	-1.051239e-02	3.690035e-01	2.155558e-03	8.618898e-02	-7.086805e-02	6.698679e-01	-3.588881e-01	1.140748e-01	5.451185e-01	6.835990e-03	5.210429e-01	2.615554e-01	3.056837e-01	-1.209175e-01	2.935879e-01	4.269679e-05	-1.892093e-01	-2.562442e-01	-1.064026e-01	-2.798414e-01	-2.309196e-01	-1.953619e-01	-1.596584e-01	2.390072e-01	-2.507277e-01	-2.644516e-01	-6.862584e-01	-4.424942e-01	-1.548323e-01	2.862453e-01	-1.438089e-01	2.816805e-01	2.331070e-01	-1.144519e-01	-1.128701e-01	1.347017e-01	-2.602151e-01	1.792213e-01	2.634980e-02	4.579001e-03	2.299292e-01	-1.068710e-01	-2.565297e-01	-3.221108e-01	1.359626e-01	-2.529038e-01	-3.927755e-01	3.179363e-01	-6.713116e-02	-2.359962e-01	-2.279441e-01	3.736821e-01	-5.488339e-02	-3.400713e-01	1.354433e-01	-4.272125e-01	6.775130e-02	-7.266234e-01	-2.673807e-01	2.353964e-01	3.852670e-01	3.240907e-01	-1.558631e-02	2.121936e-01	-2.997083e-01	4.787518e-01	-5.082363e-01	3.334152e-01	3.359737e-01	-6.120138e-02	1.363894e-01	1.300067e-01	1.107310e-01	-3.993379e-01	-3.444425e-01	2.310076e-01	6.280313e-02	-1.090778e-01	-3.925239e-02	2.633537e-01	-3.896978e-01	-5.385825e-02	-2.182336e-02	-1.519499e-01	3.381816e-01	-1.785839e-02	-4.661855e-01	-4.388337e-01	3.218631e-01	2.461671e-01	2.237177e-01	-2.589227e-01	-4.367950e-01	-8.523901e-02	1.179941e-02	-1.784343e-01	1.166791e-01	6.891567e-01	-1.801626e-01	1.981067e-01	-3.883361e-01	1.682355e-01	-3.952796e-01	-4.085566e-01	8.178623e-01	3.347141e-01	-3.257101e-01	2.797968e-01	-4.236587e-01	3.784292e-01	4.704224e-01	4.407159e-01	4.456981e-01	-1.302193e-02	-3.246017e-02	1.045439e-01	7.145254e-02	1.989414e-01	3.362622e-01	3.024806e-01	-3.737754e-01	-3.635361e-02	1.687884e-01	-4.136097e-01	1.179093e-01	-1.484565e-02	-2.519113e-01	1.022675e+00	-1.520464e-01	-5.239851e-01	-3.041320e-02	4.802380e-02	-6.808112e-03	7.007982e-02	-7.286819e-01	-2.009847e-01	1.726712e-01	-2.408453e-01	8.432249e-01	-5.543784e-01	3.042096e-01	2.118353e-01	-3.255199e-01	1.186383e+00	-1.183720e-01	-8.257478e-01	6.726735e-02	2.550575e-01	1.007298e-01	5.561960e-02	-6.779761e-02	1.823792e-01	-6.183299e-01	1.616345e-01	4.694389e-01	-2.705386e-01	1.435987e-01	1.955141e-01	-7.506612e-02	-1.927521e-01	-5.519270e-01	-1.842104e-02	5.661359e-02	-1.536582e-01	1.662527e-01	8.377913e-01	1.664278e-01	9.346479e-01	-3.808654e-02	-6.974326e-01	2.194301e-01	2.453209e-03	1.355218e-02	-6.126608e-01	5.888049e-01	-3.109114e-01	-3.011818e-01	-2.757530e-02	-4.273876e-01	4.636537e-02	2.093259e-01	1.245900e-01	4.030933e-01	-1.546315e-01	5.360999e-01	1.278241e-01	1.579414e-01	2.805152e-01	-5.906368e-02	-6.218277e-03	-2.831077e-02	4.845175e-01	1.054810e-01	1.364427e-03	-7.478288e-01	1.156611e-01	7.162105e-02	2.036366e-01	2.818346e-01	3.651664e-01	-1.332007e-01	6.445621e-01	4.895095e-01	1.429653e-01	1.004669e-01	1.001316e-01	2.908622e-01	5.720346e-01	2.732211e-01	4.512615e-01	3.026341e-01	5.227690e-01	-1.196588e+00	1.936131e-01	1.425726e-01	3.475036e-01	1.649982e-01	-5.058587e-02	-2.156031e-01	-1.655621e+00	-1.858202e-01	-5.571593e-02	-2.740049e-03	-2.911788e-01	-3.127559e-01	-1.403606e-01	-3.653786e-01	-1.727147e-01	-3.335613e-02	8.480227e-03	-1.523162e-01	-1.446991e-01	-7.295348e-02	-1.090051e-01	-5.557680e-01	-1.752482e-01	1.787729e-01	-1.058955e-01	5.395678e-02	1.633208e-01	-7.693656e-02	4.871171e-02	-5.272653e-01	-3.828417e-01	6.370337e-03	5.255697e-01	1.276676e-01	-2.329430e-01	1.768878e-01	-3.729996e-01	-1.220374e-01	-1.469811e-02	-2.839787e-01	-1.844158e-02	-1.785519e-01	-5.573491e-01	-2.336806e-01	3.087756e-01	4.327178e-01	-2.321232e-01	1.907804e-02	-3.650319e-01	-1.169148e-01	-1.568278e-01	3.552141e-01	4.381853e-01	-2.383088e-01	2.671487e-01	-2.303532e-01	-8.359284e-02	2.911406e-01	-3.153060e-01	-1.852680e-02	-6.958314e-01	4.414747e-01	5.067436e-02	-1.266066e-02	6.052027e-02	1.214683e+00	-2.501078e-01	-4.017272e-02	-9.842119e-02	2.801583e-01	5.863320e-02	2.850033e-01	3.043294e-01	4.967868e-01	9.405779e-02	-1.001959e-01	-9.041637e-01	2.013538e-01	1.259128e-01	-3.260793e-01	-1.672618e-01	4.519444e-01	6.242704e-01	-6.936993e-02	4.464143e-01	-8.580255e-02	-2.962407e-02	-1.882270e-01	-3.711318e-01	-9.088934e-02	9.908454e-02	-2.978702e-01	-4.689298e-01	-2.330385e-01	-8.075652e-01	-1.250217e-01	2.940995e-02	-1.565294e-01	1.785971e-01	4.600664e-01	-4.178998e-01	9.631095e-03	2.049793e-01	-2.397610e-01	-8.862884e-02	-8.571049e-02	-1.893903e-01	1.225824e-01	-1.007131e+00	-3.471134e-01	-7.316092e-02	6.064241e-02	-1.727878e-01	-2.649268e-01	1.440184e-01	-1.513857e-01	3.182157e-01	1.225954e-01	7.954925e-01	-2.206227e-01	4.472826e-01	9.081963e-02	-1.578717e-01	-2.170486e-02	-1.041150e-01	1.014841e-01	6.449102e-01	-1.555815e-01	2.075061e-01	-2.301443e-01	5.330776e-01	1.942958e-01	-1.660745e-01	-1.297689e-01	-1.043639e-01	1.906504e-01	-4.196598e-02	2.154184e-02	2.154354e-01	1.940819e-01	-2.578815e-01	3.288898e-01	9.661948e-02	-3.225322e-01	1.396500e-01	1.848401e-01	-2.246819e-01	1.630448e-01	5.965488e-02	-3.193426e-01	4.667369e-02	-1.846398e-01	6.224526e-01	-2.666280e-01	5.099925e-01	-4.320689e-02	2.857961e-01	-1.698332e-01	2.259935e-01	-6.738372e-02	2.151197e-01	-2.691492e-01	2.417302e-01	-3.708146e-01	-3.822798e-01	-1.797742e-01	-6.438403e-02	3.515494e-01	-2.683880e-01	-2.754084e-01	4.625908e-01	2.078194e-01	-7.629076e-02	3.054870e-01	5.732336e-02	-7.884157e-01	-1.909350e-01	-8.586867e-02	-3.996903e-01	5.830894e-02	-3.907209e-01	3.256752e-01	-2.331817e-02	1.137925e-01	-3.317376e-01	-2.309460e-01	-8.295429e-01	-6.512292e-01	2.217814e-01	1.336586e-01	-3.486137e-01	-3.503300e-01	-5.707757e-01	1.660249e-01	-2.498749e-02	-4.460233e-01	-2.410105e-01	-1.953179e-01	-2.282544e-01	-4.264515e-01	3.777059e-01	1.096827e-01	2.773507e-01	4.376690e-01	-2.637887e-01	5.963444e-01	1.396403e-01	4.075675e-01	1.612671e-01	1.887920e-01	5.061123e-02	-8.237822e-02	-1.906498e-01	2.921329e-02	2.584004e-01	-7.468861e-02	-1.124210e-02	-2.635692e-02	4.627832e-01	-2.831888e-01	2.476073e-01	-1.431552e-01	5.329829e-01	-6.302600e-02	2.052137e-01	3.522799e-01	-2.496625e-01	-5.921568e-02	2.898440e-01	-3.793801e-01	6.448299e-01	-2.207779e-01	-2.920413e-01	6.950960e-01	2.455402e-02	1.605851e-01	-1.452436e-01	-3.542027e-01	5.850748e-01	1.726922e-01	-2.522597e-02	-6.321122e-01	4.220907e-01	2.404511e-01	6.663311e-01	-3.209905e-02	-3.738468e-01	-4.751848e-01	1.584188e-01	-5.589700e-01	-1.677637e-01	4.610495e-01	-1.121180e-01	-1.831394e-01	2.888088e-01	2.410907e-02	4.319429e-02	3.199196e-01	1.630656e-01	9.581688e-02	6.985927e-02	2.632580e-02	9.642150e-02	-4.677920e-02	-7.492243e-02	6.238562e-02	1.229803e-01	-4.089245e-01	8.669411e-02	-6.982737e-02	-1.449211e-01	-1.528697e-01	-5.686170e-02	2.884689e-02	1.641285e-02	2.828990e-02	-2.142505e-01	-3.983353e-01	-1.274102e-01	2.903530e-01	8.216211e-03	5.735372e-01	-6.589901e-02	1.145857e-01	-4.625871e-01	2.255485e-01	-3.595072e-01	-4.209141e-01	-2.480602e-01	-3.476510e-01	-3.291134e-01	2.477936e-01	2.788098e-01	2.549357e-01	-2.620291e-01	-8.028758e-02	-1.606355e-01	-5.439719e-02	-1.328427e-01	1.933474e-02	-4.034426e-01	-3.228658e-01	1.544075e-01	2.471771e-01	1.978997e-01	-5.963773e-01	-3.924757e-02	1.490794e-01	1.780270e-02	-2.783741e-01	-2.449265e-03	-6.298436e-02	-4.738803e-01	8.417115e-02	-1.177933e+00	-1.437495e-01	-2.899153e-01	-1.192462e-01	3.694606e-03	1.354538e-01	2.878662e-01	-2.885555e-01	1.317573e-01	7.388397e-02	-3.906845e-01	-2.243020e-01	-2.335705e-01	-3.289248e-01	2.341062e-01	5.010000e-01	1.296796e-01	3.430155e-01	-5.341195e-01	-5.389553e-01	-4.653741e-02	-2.562126e-01	1.311674e-01	-1.009985e-01	6.481650e-02	-7.204351e-01	6.272945e-01	2.528605e-01	3.084162e-01	-4.346606e-01	-1.060150e+00	2.124033e-01	-5.005606e-01	1.797866e-03	-1.514959e-01	6.142419e-02	-8.164792e-02	
-2.642285e-01	-3.729987e-01	8.385255e-01	-1.590170e-02	2.512540e-01	2.818048e-01	-3.836623e-01	1.872592e-01	1.006090e-02	1.775275e-01	-9.016281e-02	5.375399e-01	-2.928081e-03	2.740180e-01	1.834207e-01	-2.673495e-01	7.968363e-01	-5.328590e-01	-1.720920e-01	-3.292976e-02	-2.750930e-01	1.042010e-01	5.628273e-02	2.273932e-01	-1.494725e-01	6.855347e-01	-2.954805e-01	-3.656881e-01	-3.313952e-01	-5.206668e-01	1.918321e-02	3.571591e-01	-2.825874e-01	6.075992e-01	-3.221570e-02	3.079924e-02	-2.235514e-01	1.142222e-01	4.689847e-01	-3.192278e-01	-4.451091e-01	2.195948e-01	-3.661147e-01	1.148762e-02	-1.196296e-02	-5.278801e-01	3.309667e-01	-1.012469e-01	-1.592125e-01	6.602554e-01	-1.445650e-01	-1.365062e-01	2.074395e-01	2.856606e-01	2.445858e-02	3.284321e-01	2.114330e-01	-6.391669e-02	7.902908e-02	-9.368066e-02	-4.135878e-02	1.342262e-01	-5.959504e-01	-1.111104e-01	-9.670921e-02	7.198428e-02	-1.123430e-01	9.125413e-02	2.185022e-01	3.855011e-01	-4.256625e-01	-1.783231e-04	5.144082e-01	-5.808217e-02	-3.538218e-02	9.842797e-01	1.492314e-01	2.665594e-02	-8.558940e-01	-3.688266e-01	3.799861e-01	3.726129e-01	-1.098752e-01	1.005755e-01	-1.737572e-01	4.138307e-01	4.156609e-01	4.195627e-01	7.862372e-01	-5.919357e-01	-2.391624e-02	6.958978e-02	9.286362e-01	4.224031e-01	-2.638428e-01	5.413035e-01	9.222595e-02	3.837312e-01	-2.813705e-02	2.780134e-01	-4.859333e-01	-2.583781e-01	5.854259e-01	-1.247150e-02	4.884420e-01	-2.411828e-01	4.085852e-01	-7.649980e-02	6.575083e-02	5.339171e-01	-1.211432e-02	1.843686e-01	1.453376e-01	-1.381086e-01	4.452844e-01	-4.975296e-01	-4.494028e-01	2.895320e-01	4.459870e-01	-4.382181e-01	-7.145584e-02	-1.733352e-03	-2.531444e-01	2.521397e-01	3.626799e-01	-2.096238e-01	1.176210e-01	2.930620e-01	3.768535e-02	5.682763e-02	-5.244688e-02	-1.858051e-02	9.021838e-02	2.240627e-01	3.865926e-01	-1.252795e-01	-1.914213e-02	-3.416488e-01	-3.347059e-01	8.762954e-01	4.578522e-02	1.656326e-01	-3.647485e-01	-1.706023e-01	-1.936242e-01	1.392381e-01	-3.419554e-01	2.696036e-01	-5.129822e-01	-2.924530e-01	-2.949417e-01	5.794494e-01	6.898143e-01	-2.918349e-01	-2.226701e-01	1.429098e-01	4.558678e-01	2.126197e-01	-4.987772e-01	3.678508e-01	-3.442502e-02	2.509670e-01	-7.888286e-01	3.828591e-01	-4.954615e-02	-2.120700e-01	-6.860477e-02	-2.997575e-01	-1.286133e-01	1.971432e-01	1.007209e-01	6.815729e-02	-2.514105e-01	1.400111e-01	4.012943e-01	4.619269e-01	9.502447e-02	1.110857e-01	2.610874e-03	-5.394741e-01	-7.241572e-01	1.654214e-01	-2.950990e-01	1.770027e-01	5.064292e-02	-3.758978e-02	-5.817784e-02	-2.163194e-01	-1.180137e-02	5.491539e-02	-1.621689e-01	-1.250495e-01	-4.856312e-01	2.342830e-01	1.052633e-01	8.392635e-01	-3.904876e-01	1.965886e-01	-3.090340e-01	1.286690e-01	-7.244583e-01	-3.814161e-02	1.672775e-01	3.881519e-01	-2.083420e-01	3.001785e-01	3.007288e-02	-2.114008e-03	1.774228e-01	6.759301e-01	-3.417079e-01	9.040313e-02	5.875800e-01	-3.149133e-03	3.425430e-01	2.386311e-01	9.534480e-02	-1.197824e-01	1.147061e-01	2.425904e-01	5.255971e-02	-5.538945e-02	-1.615851e-01	-4.116033e-01	-1.226268e-01	-3.594025e-01	1.839805e-01	3.333724e-01	-3.359327e-01	-3.883475e-01	-7.876772e-01	-2.867616e-01	-2.773781e-01	3.108693e-01	-1.291806e-01	3.631510e-01	5.040302e-02	-2.370918e-02	-5.635114e-01	2.390487e-01	2.867598e-02	3.587474e-01	-1.648424e-01	-7.855538e-02	2.292873e-01	1.049273e-01	-3.213401e-01	-5.102587e-01	3.403056e-02	-5.824658e-02	-1.875786e-01	7.144684e-02	-2.873472e-01	-1.308871e-01	-3.555013e-01	1.814153e-01	2.417286e-02	-2.490337e-01	1.363013e-01	-3.104830e-01	1.549245e-01	-7.547457e-01	-1.653292e-02	2.711467e-01	4.459026e-01	2.620333e-01	-3.518124e-02	2.817540e-01	-2.499256e-01	5.896214e-01	-3.481901e-01	6.189401e-01	4.211292e-01	2.120283e-02	-3.085321e-02	1.842351e-01	-5.111612e-02	-7.463259e-02	-3.930988e-01	1.301633e-01	1.698717e-01	-1.545962e-01	-1.542775e-01	7.479360e-02	-4.389465e-01	-2.652576e-01	1.994782e-01	-3.649669e-01	6.512856e-01	-1.940959e-01	-3.104711e-01	-4.981566e-01	3.536943e-01	5.730155e-01	2.648423e-01	-3.568971e-01	-4.072966e-01	-4.505264e-02	-1.188897e-01	-2.179634e-01	3.617853e-01	6.675189e-01	-2.044244e-01	1.546514e-01	-3.073481e-01	1.955412e-01	-5.414786e-01	-8.051099e-01	8.391320e-01	2.478525e-02	-6.752145e-01	4.923904e-01	-3.975200e-01	3.544946e-01	4.733423e-01	1.346803e-01	2.794001e-01	-1.269813e-01	-4.106819e-01	4.139051e-02	-2.361882e-02	2.757576e-01	4.836752e-01	2.228383e-01	-6.310221e-01	4.626384e-03	3.715922e-01	-5.479597e-01	2.524542e-02	5.128428e-02	-4.118580e-01	1.297426e+00	6.947549e-02	-4.268360e-01	1.159794e-01	-1.809322e-01	-5.464638e-02	9.934865e-02	-7.332181e-01	-3.421697e-01	-6.686119e-02	-4.002101e-01	9.158524e-01	-5.997737e-01	3.269393e-01	-4.747920e-02	-1.772870e-01	1.022109e+00	-5.470243e-02	-9.333311e-01	5.730688e-02	1.027643e-01	1.545283e-01	1.534923e-01	-2.805380e-01	3.622283e-01	-5.573613e-01	-5.443399e-03	3.675053e-01	-2.297937e-01	5.131630e-02	9.517383e-02	5.400829e-02	-1.426798e-02	-6.400594e-01	7.468484e-02	1.002376e-01	-2.610990e-01	2.742429e-01	1.206044e+00	2.092020e-01	5.593311e-01	-4.189789e-01	-1.064159e+00	4.420975e-01	5.234081e-02	-3.997320e-02	-8.341466e-01	9.718201e-01	-3.085393e-01	1.513750e-02	-1.042615e-01	-3.276519e-01	-1.842227e-01	2.160258e-01	1.168953e-01	4.416587e-01	-1.901979e-01	4.784733e-01	3.396981e-01	6.127949e-02	1.583065e-01	3.474421e-01	-2.103519e-01	2.881732e-02	3.826161e-01	2.042979e-01	1.897902e-01	-8.114588e-01	6.880035e-03	7.378355e-02	3.873635e-01	1.083739e-01	1.618868e-01	-2.256981e-01	5.029340e-01	5.623928e-01	9.982459e-02	2.217169e-02	7.058274e-02	1.116711e-01	3.279907e-01	1.469720e-01	3.437766e-01	4.532363e-01	4.768204e-01	-1.096124e+00	6.604867e-02	-1.260908e-01	2.789937e-01	2.257088e-01	4.901169e-02	-1.777501e-02	-2.070181e+00	1.649555e-01	1.218019e-01	-2.288021e-01	-6.023639e-02	-3.880199e-01	-2.592506e-01	-2.528735e-01	-2.986343e-01	-6.763676e-02	-9.123832e-02	-1.876479e-01	-1.354883e-01	1.755321e-01	-2.715088e-01	-6.187477e-01	-1.561481e-01	1.849870e-01	1.325877e-02	8.689446e-03	1.405281e-01	-6.710228e-02	-1.373839e-01	-5.552238e-01	-1.531489e-01	-3.734665e-02	4.792379e-01	-1.374541e-01	-2.907265e-01	4.325792e-02	-2.808645e-01	-2.482936e-01	-1.432901e-01	-2.295284e-01	1.470310e-01	-1.581608e-01	-6.761830e-01	-1.964461e-01	2.053617e-01	4.087070e-01	-6.081713e-02	-2.464643e-01	-6.978974e-01	-1.410665e-01	-2.047986e-01	3.530945e-01	3.754919e-01	-4.617819e-01	-9.725221e-02	-2.178344e-01	-1.963628e-01	5.753980e-01	-1.917368e-01	8.985010e-02	-3.557688e-01	4.992755e-01	2.549633e-01	-7.581608e-02	9.781713e-02	1.080179e+00	-1.705552e-01	1.297245e-01	-7.277676e-03	1.226818e-01	1.091651e-01	4.518899e-01	3.179148e-01	3.440019e-01	-3.268652e-01	-2.014001e-01	-9.880618e-01	1.483264e-01	3.412302e-02	6.194910e-02	-3.131199e-01	4.358036e-01	7.336106e-01	1.003426e-01	5.025741e-01	-7.535177e-02	-7.936926e-02	-3.773606e-02	-1.444858e-01	-1.911060e-01	1.506479e-01	-2.592013e-02	-3.423065e-01	-3.364256e-01	-9.399427e-01	-5.656794e-01	2.435177e-02	-2.159433e-01	4.792113e-01	3.303474e-01	-4.345602e-01	6.199792e-02	1.807927e-01	-2.870467e-01	2.622814e-01	7.813739e-02	-4.007489e-01	4.376542e-01	-7.360006e-01	-4.255016e-02	-5.570334e-02	1.604623e-01	-1.166988e-01	-3.654171e-01	2.250863e-01	-1.463998e-01	4.126268e-01	1.956233e-01	9.923640e-01	2.389457e-03	1.559749e-01	3.393805e-02	1.120677e-01	-1.551829e-01	-9.222699e-02	-1.876704e-01	6.006293e-01	-1.022590e-01	2.810412e-01	-1.741264e-01	5.060007e-01	1.905534e-01	-3.973129e-01	4.386615e-02	-2.952323e-01	1.926013e-01	-1.561566e-01	-8.205709e-02	1.704707e-01	2.479212e-02	-3.236501e-01	5.585063e-01	-2.051830e-01	-3.413847e-01	-2.014886e-01	1.987021e-01	-1.092598e-01	9.224196e-02	1.441378e-01	-2.972275e-01	-1.048945e-01	-1.238091e-02	5.348035e-01	-7.934782e-02	4.726653e-01	2.616136e-01	2.662501e-01	-3.846627e-02	4.848664e-01	-2.091264e-01	2.492996e-01	-6.468327e-02	1.449582e-01	-2.403271e-01	-5.534908e-01	-1.231218e-01	-1.494529e-03	3.802234e-01	-1.220301e-01	-1.670767e-02	2.520260e-01	2.690058e-02	-1.171561e-01	3.577610e-01	3.047004e-01	-1.049179e+00	-2.423441e-01	3.827331e-01	-2.212724e-01	7.986262e-02	-4.857888e-01	2.768410e-01	1.765905e-01	1.361692e-01	-2.876348e-01	-3.789515e-02	-6.374820e-01	-6.208368e-01	1.351573e-01	3.505402e-02	-2.774835e-01	-6.395750e-01	-4.788713e-01	-5.963316e-03	-2.713880e-01	-3.316753e-02	-4.378513e-01	-5.744750e-02	-3.395972e-01	-2.118284e-01	5.223322e-01	-4.916739e-02	2.502535e-01	3.815019e-01	-1.793851e-01	8.363039e-01	-6.994099e-02	1.476774e-01	2.566539e-02	1.445460e-01	5.296719e-02	-9.273988e-02	-1.620870e-01	-7.482006e-02	1.092083e-01	-9.946836e-02	-1.639670e-01	5.778649e-02	3.713386e-01	-3.967211e-01	2.923507e-01	-1.341342e-01	1.730910e-01	3.123188e-02	2.822304e-01	4.181603e-01	-2.496960e-01	-1.585853e-01	9.591723e-02	-9.858482e-02	6.140701e-01	-4.042597e-01	-2.271939e-01	8.635979e-01	7.295948e-02	1.565445e-01	-2.275194e-01	-2.279958e-01	6.299181e-01	2.186101e-01	-1.281241e-01	-5.968081e-01	1.696678e-01	2.623481e-01	4.924582e-01	3.639650e-01	-3.996471e-01	-3.906052e-01	3.805978e-01	-5.944906e-01	-4.256337e-02	4.788361e-01	-1.329462e-01	9.032940e-02	5.371221e-01	6.912510e-02	-1.525395e-01	3.306038e-01	3.459552e-01	-2.940846e-01	2.415390e-01	-1.155826e-01	-1.467857e-01	-2.597603e-01	-1.000828e-01	7.720930e-02	-1.389563e-01	-1.420305e-01	7.013185e-02	-2.607845e-02	-2.508863e-01	-2.628833e-01	9.881159e-02	1.429531e-02	1.900202e-01	-4.009016e-01	-8.763316e-02	-4.496861e-01	-8.764862e-02	5.620391e-02	3.578579e-02	5.076348e-01	-1.044170e-01	2.171484e-01	-3.628543e-01	2.599756e-01	-6.201280e-01	-4.796905e-01	-3.905120e-01	-2.892631e-01	-5.736060e-01	-2.827282e-02	4.641636e-01	4.751837e-01	-3.065703e-01	2.416991e-02	-2.959513e-01	-8.344024e-02	-1.219727e-01	-3.486444e-02	-5.086600e-01	-3.372303e-01	2.152582e-01	2.108414e-03	-1.142495e-01	-7.972270e-01	1.994477e-01	1.496404e-02	1.172415e-01	1.487196e-01	2.530596e-01	2.076498e-03	-1.187340e-01	-1.549093e-01	-1.975817e+00	-6.745706e-02	-1.334541e-01	1.767470e-01	-1.228142e-01	1.882385e-01	8.120045e-01	-1.819811e-01	-2.458133e-01	2.239976e-01	-4.164074e-01	-1.369444e-01	-6.900049e-02	-2.873946e-01	2.103478e-01	4.712548e-01	-2.637846e-01	1.155551e-01	-2.598120e-01	-5.110953e-01	2.458410e-01	-1.886127e-01	1.474721e-01	2.983469e-02	-4.484847e-02	-7.513025e-01	6.454970e-01	1.062821e-01	2.555920e-01	-3.112371e-01	-1.176915e+00	2.025163e-01	-5.815977e-01	4.707093e-02	-4.339952e-02	1.384218e-01	-1.016508e-01	
2.375970e-02	-2.350816e-01	6.147990e-01	1.902144e-01	3.720652e-01	3.195123e-01	-2.924670e-01	1.604697e-01	-3.934900e-01	8.505578e-02	-1.522359e-01	5.656102e-01	8.171146e-02	1.156215e-01	7.811555e-02	-3.245759e-01	6.471798e-01	-4.882764e-01	-9.286679e-02	5.470034e-02	-5.264143e-02	1.643248e-01	-5.294671e-02	1.424693e-01	9.659636e-03	6.863039e-01	-2.292031e-01	-3.821449e-02	-1.358505e-01	-3.393592e-01	2.031830e-01	3.137471e-01	-2.958381e-01	7.239348e-01	-1.717440e-01	-1.290405e-01	-6.241933e-02	2.113841e-01	3.555072e-01	-5.123629e-01	-3.690467e-01	3.038846e-01	-1.335853e-01	-1.400043e-01	1.393326e-01	-4.823406e-01	2.976049e-01	-2.350963e-02	-2.282251e-01	6.523020e-01	-9.340747e-02	-2.021789e-01	8.534234e-02	2.365459e-01	2.749564e-01	3.500901e-01	-2.324471e-02	3.664831e-02	5.549576e-02	-1.884567e-01	2.110673e-01	1.920489e-04	-6.028454e-01	-6.411828e-02	3.773441e-02	3.003237e-01	-4.634738e-02	-1.119745e-01	3.328975e-01	5.141692e-01	-2.250301e-01	1.079351e-01	3.435524e-01	-1.565763e-02	-2.065538e-01	8.912266e-01	1.414919e-01	-4.572867e-02	-1.329208e+00	-4.222378e-01	4.414080e-01	4.902506e-01	-5.262393e-03	1.050895e-02	-1.116022e-01	2.794427e-01	4.324836e-01	8.340920e-02	5.158213e-01	-7.029040e-01	7.402879e-04	6.920836e-02	8.124427e-01	1.545287e-01	-4.876129e-01	3.713374e-01	1.336964e-01	4.401546e-01	1.787498e-02	1.324756e-01	-4.614627e-01	-1.580504e-01	7.081812e-01	6.543694e-02	5.751902e-01	-3.289326e-01	3.335299e-01	7.092889e-03	3.324073e-02	5.769089e-01	2.657451e-01	2.451250e-01	2.468230e-01	-6.666348e-02	3.325125e-01	-4.430542e-01	-3.098100e-01	5.504226e-01	4.355913e-01	-4.596809e-01	2.837771e-02	1.010555e-01	-1.347444e-01	1.935481e-01	9.470791e-02	-3.415971e-01	1.541060e-01	-2.549908e-02	-1.314600e-01	-3.600741e-03	-3.237208e-01	3.508301e-02	2.423183e-01	3.009742e-01	2.931139e-01	-1.857544e-01	1.901924e-01	-1.250565e-01	-3.140046e-01	6.834591e-01	1.734618e-01	1.969475e-01	-2.134195e-01	-1.174967e-02	-1.821656e-01	1.249404e-01	-3.787519e-01	1.924092e-01	-3.702021e-01	-4.773788e-01	-1.459375e-01	6.959677e-01	4.167419e-01	2.624412e-02	-2.255430e-01	9.727357e-02	5.689602e-01	1.610233e-01	-4.310849e-01	2.051880e-01	-2.683522e-01	2.948721e-01	-3.882661e-01	2.700570e-01	-7.069961e-02	-1.944102e-01	1.326457e-02	-2.270234e-01	-1.549179e-01	7.708082e-02	3.789188e-03	1.151411e-01	-1.262398e-01	1.424317e-02	7.523238e-01	3.682863e-01	8.544988e-02	2.634149e-01	-8.159634e-02	-3.360666e-01	-8.228993e-01	2.546618e-01	-3.692998e-01	1.331012e-01	-1.383935e-01	7.312052e-02	-1.422662e-01	-1.554664e-01	-4.575438e-02	1.910719e-01	-2.081043e-01	-2.678989e-01	-2.307150e-01	4.642880e-01	4.948680e-02	7.209974e-01	-3.931398e-01	2.234253e-01	-2.363155e-01	1.130453e-01	-8.098047e-01	-8.023545e-02	4.063153e-02	2.997939e-01	-2.612433e-01	4.190179e-01	-1.530858e-02	4.023393e-03	8.838893e-02	7.827815e-01	-3.806891e-01	9.160038e-02	6.418586e-01	-2.838980e-02	3.674604e-01	1.841194e-01	1.303696e-02	-3.520725e-01	-3.556169e-03	2.377724e-01	-2.635751e-01	1.052755e-01	-2.111525e-01	-3.104300e-01	-1.386530e-01	-2.797507e-01	1.249916e-01	3.133850e-01	-2.477577e-01	-2.642123e-01	-6.372269e-01	-1.168906e-01	-2.318578e-01	3.114833e-01	-1.282994e-01	4.695366e-01	7.070487e-02	-2.372819e-01	-3.521030e-01	7.673325e-02	-8.741543e-02	4.077768e-01	-1.495498e-01	-1.123197e-01	1.916093e-01	-2.928800e-02	-1.334850e-01	-3.946043e-01	-3.011121e-02	-1.004711e-01	-4.930854e-01	8.606009e-02	-2.015341e-01	-3.344140e-01	-2.833091e-01	2.042695e-01	-2.734148e-02	1.741551e-03	3.002710e-01	-3.974874e-01	1.402587e-01	-6.790813e-01	-1.536954e-01	1.672954e-01	4.103613e-01	2.777671e-01	8.858123e-02	2.615525e-01	-2.457314e-01	1.746694e-01	-3.461265e-01	3.667691e-01	3.840016e-01	-1.580206e-02	-2.723543e-02	9.034111e-02	-2.309065e-01	-2.408223e-01	-2.763158e-01	1.559392e-01	1.184981e-01	-2.935528e-01	-1.241243e-01	-8.858582e-02	-4.568854e-01	-3.246784e-01	1.964038e-01	-1.793724e-01	5.129790e-01	-1.899268e-01	-1.404300e-01	-5.819454e-01	3.010541e-01	3.986799e-01	1.229799e-01	-4.240564e-01	-3.675408e-01	3.609525e-03	-1.083762e-01	-2.541350e-01	1.947835e-01	2.758154e-01	-2.997493e-01	2.271692e-01	-5.086455e-01	4.197640e-03	-4.316987e-01	-5.132077e-01	8.184153e-01	1.702419e-01	-7.465947e-01	3.877222e-01	-5.588573e-01	3.020341e-01	5.377948e-01	9.530702e-02	2.010748e-01	-7.689070e-02	-2.883675e-01	-1.513457e-01	-3.438372e-02	2.689506e-01	4.401197e-01	2.340881e-01	-6.200861e-01	2.390583e-02	3.599717e-01	-4.615469e-01	-4.298016e-02	3.413881e-01	-3.975008e-01	1.126217e+00	2.021715e-02	-3.899664e-01	1.491995e-01	-1.159146e-01	-1.308317e-01	-4.895826e-02	-6.547207e-01	-4.356397e-01	-1.725904e-01	-2.939046e-01	9.573212e-01	-5.897825e-01	1.475904e-01	-1.351676e-01	-1.032061e-01	8.403987e-01	-2.109200e-01	-7.791217e-01	-1.516641e-03	2.325707e-01	1.836364e-01	7.388714e-02	-3.558165e-01	3.488396e-01	-6.918814e-01	-1.042027e-01	4.250684e-01	-3.445675e-01	1.022524e-01	4.321315e-02	-2.363642e-02	-2.378155e-01	-6.089483e-01	2.465024e-01	-6.667212e-02	-1.564405e-02	3.341524e-01	5.750452e-01	1.213450e-01	8.015413e-01	-4.067183e-01	-9.994704e-01	3.263513e-01	5.573617e-02	-1.397439e-01	-7.965904e-01	9.874750e-01	-3.133761e-01	-1.917871e-02	-2.448201e-01	-5.212363e-01	-1.661572e-01	2.192200e-01	1.629388e-01	4.989124e-01	-1.224761e-01	4.349371e-01	2.126790e-01	1.012135e-01	1.702100e-01	-3.831301e-02	-2.246458e-01	4.645620e-02	4.141739e-01	2.449171e-01	8.548725e-02	-6.150528e-01	-1.874590e-01	-1.346805e-02	1.539909e-01	9.869589e-04	2.502674e-02	-2.856346e-02	3.513602e-01	7.750624e-01	8.740110e-02	1.560518e-01	1.669088e-01	3.642856e-01	4.995573e-01	1.066358e-01	4.908016e-01	4.012782e-01	5.303158e-01	-9.473000e-01	9.858101e-02	-1.045289e-01	2.711632e-01	2.273265e-01	5.119650e-02	-1.641209e-03	-1.887516e+00	2.022912e-01	1.699007e-02	-1.694676e-01	-3.211054e-01	-5.607262e-01	-1.585292e-01	-2.046160e-01	-1.178038e-01	-6.568484e-02	-1.278603e-01	-1.777372e-01	-1.405181e-01	1.202529e-01	-1.456826e-01	-3.188226e-01	-3.014885e-01	3.372167e-01	2.242193e-02	-8.389085e-02	1.487564e-01	-1.333110e-01	-1.552797e-01	-5.232707e-01	-2.656483e-02	7.538617e-02	5.575375e-01	-7.393213e-02	-2.834418e-01	-1.068800e-01	-1.053876e-01	-3.543974e-02	-2.268795e-01	-2.382764e-01	1.358271e-01	-1.853487e-01	-6.285429e-01	-7.520030e-02	-4.168332e-02	5.251126e-01	-2.390856e-02	-2.382135e-01	-7.053396e-01	-1.969866e-01	-2.376558e-01	4.406005e-01	1.912197e-01	-2.714069e-01	2.365951e-03	8.102693e-03	-4.773784e-01	3.063577e-01	-8.668858e-02	2.911230e-01	-2.084443e-01	1.983746e-01	9.726673e-02	-6.366637e-02	-2.931003e-02	8.804731e-01	-4.346960e-02	1.143266e-03	-2.950240e-02	1.969453e-01	5.929642e-03	4.308058e-01	1.863400e-01	5.408667e-01	-1.811054e-01	-2.657015e-01	-9.088568e-01	-4.220616e-02	2.593508e-01	-3.089104e-01	-3.680558e-01	2.607616e-01	5.591707e-01	-4.707725e-02	4.062944e-01	-6.852473e-02	-4.093445e-02	-1.827164e-01	-1.485215e-01	-6.860168e-02	9.618330e-02	-1.143792e-01	-4.880124e-01	-1.372171e-01	-1.072104e+00	-5.090950e-01	-8.197297e-02	-1.903939e-01	2.735372e-01	3.159608e-01	-4.436433e-01	1.396426e-02	1.697939e-01	-1.539197e-01	1.585204e-01	2.715104e-01	-4.102827e-01	3.303648e-01	-7.043956e-01	-2.586429e-01	-9.747986e-02	-4.687545e-02	-1.509552e-02	-3.434260e-01	2.893112e-01	-5.583167e-02	4.938973e-01	3.331208e-01	9.732022e-01	8.274926e-02	3.621984e-01	2.109198e-01	4.387490e-01	-2.360213e-01	-1.210329e-01	-2.419268e-01	4.988396e-01	-9.079678e-02	2.768714e-01	-1.646059e-01	2.905742e-01	4.557808e-02	-2.439139e-01	8.842554e-02	-2.388984e-01	3.151603e-01	-7.792027e-02	-1.233552e-01	2.289850e-01	9.663959e-02	-1.532908e-01	5.075927e-01	-9.801167e-02	-3.025586e-01	-2.292298e-01	2.875903e-01	-1.584970e-01	8.399349e-02	1.580952e-01	-3.476704e-01	-8.732121e-02	-3.910940e-02	2.898847e-01	-2.468552e-02	4.705459e-01	1.285567e-02	2.847688e-01	-3.272127e-02	4.944719e-01	-2.418434e-01	1.448501e-01	1.551718e-02	1.641190e-01	-2.375501e-01	-7.715035e-01	-1.898225e-01	1.142578e-01	2.620028e-01	-9.466631e-02	-1.304626e-01	2.602040e-01	-1.951697e-01	-1.498038e-01	9.425072e-02	3.457787e-01	-1.054493e+00	-1.990618e-01	2.982143e-01	-1.339643e-01	3.126107e-01	-1.961661e-01	5.328704e-01	4.243841e-01	1.849150e-01	-1.711166e-01	-3.601056e-01	-3.357474e-01	-6.062468e-01	-4.084107e-02	1.910528e-01	-1.699585e-01	-4.676786e-01	-6.263359e-01	3.632192e-02	-3.806567e-01	-4.215787e-02	-2.875675e-01	2.309838e-01	-3.511601e-01	-2.644470e-01	4.145898e-01	-8.724748e-02	3.118268e-01	3.812781e-01	-1.746789e-01	7.615996e-01	7.349776e-02	1.308089e-01	9.134366e-02	2.340559e-01	1.140570e-01	1.658699e-01	-1.930043e-01	7.571456e-02	2.134576e-01	-1.349538e-01	-1.902968e-01	2.407123e-02	3.405577e-01	-4.188872e-01	3.922634e-01	-1.035486e-01	1.986950e-01	-1.072030e-01	4.054899e-01	4.432535e-01	-8.932994e-02	-1.955254e-01	8.401603e-02	-2.209965e-01	5.145925e-01	-4.100993e-01	-2.580357e-01	8.888536e-01	-2.860511e-01	1.894146e-01	-2.348739e-01	-3.245367e-01	4.367874e-01	6.488866e-02	-4.207806e-02	-4.421265e-01	2.850802e-01	1.232048e-01	6.041721e-01	1.016587e-01	-3.730492e-01	-4.648266e-01	4.341749e-01	-5.196792e-01	-2.756116e-02	3.004383e-01	-4.680786e-02	3.253894e-02	4.640453e-01	7.699292e-02	1.210224e-01	2.793702e-01	3.328099e-01	-1.330093e-01	3.473575e-01	-5.803996e-02	2.361197e-02	-1.566459e-01	-1.347425e-01	6.429364e-02	-7.413589e-02	-2.085378e-01	1.210179e-01	-7.154991e-02	-1.809204e-01	-2.335672e-01	-1.081674e-01	-9.837503e-02	8.260371e-02	2.183820e-01	-4.092855e-02	-6.626799e-01	-2.451854e-02	1.410749e-01	1.772185e-01	6.285978e-01	-2.203173e-02	1.927056e-01	-7.094287e-01	1.544760e-01	-4.876241e-01	-7.494151e-01	-3.388332e-01	-2.914578e-01	-5.390492e-01	-8.034211e-02	4.262135e-01	5.660765e-01	-2.396925e-01	-6.105904e-03	-2.909967e-01	6.927530e-02	-1.154099e-01	-9.901283e-02	-2.358997e-01	-1.660280e-01	1.944485e-01	1.241196e-01	-4.399764e-02	-5.719188e-01	5.489575e-02	1.004910e-01	-4.924780e-02	2.231154e-01	2.369578e-01	-5.657458e-02	-1.283765e-01	3.730542e-03	-1.701169e+00	-1.548542e-01	-5.359750e-02	3.685535e-01	-1.890408e-01	1.905935e-01	7.395440e-01	-6.054169e-02	-9.753864e-02	3.659923e-01	-4.367074e-01	-2.618023e-01	-1.691061e-01	-2.680112e-01	2.232270e-01	6.410283e-01	-1.601884e-01	2.624607e-01	-2.487701e-01	-5.614232e-01	2.688407e-01	-4.212059e-01	-5.296169e-03	-1.244445e-01	1.098672e-01	-5.568741e-01	5.372286e-01	1.702606e-01	1.890682e-01	-4.511358e-01	-9.902675e-01	1.952859e-01	-6.072278e-01	1.092496e-01	-5.376131e-02	1.551294e-01	2.018560e-02	
