-1.032012e-01	-9.206341e-03	4.491655e-01	-3.674309e-03	3.782392e-01	1.027909e+00	-2.003636e+00	3.007590e-02	2.927186e-01	5.562737e-02	-2.315912e+00	1.151681e+00	4.473630e-01	-1.933621e+00	2.764036e-01	-1.400460e+00	1.670983e+00	-8.974195e-01	2.197069e-01	-1.194041e+00	-2.367837e-01	1.699570e+00	-1.043038e-01	7.733271e-02	-3.146274e+00	1.849429e-01	-1.811624e+00	-2.668774e-01	-1.540672e+00	1.787322e-01	7.182470e-01	1.677474e+00	-7.098873e-01	7.384018e-01	-4.259695e-01	7.434025e-01	-1.159956e+00	-1.599827e+00	5.888668e-01	-1.211354e+00	-2.137704e+00	1.538905e-01	6.957198e-01	1.172299e+00	1.163177e+00	-1.437769e+00	-4.002400e-01	4.885528e-01	-1.132251e+00	3.268250e-01	6.004033e-01	-5.078940e-01	1.197068e+00	1.650120e+00	5.436660e-01	1.077774e+00	-1.609658e-01	-1.232653e+00	-4.829874e-02	3.110581e-01	5.006958e-02	1.049293e-02	-1.768703e+00	-1.870243e+00	4.127923e-01	1.344320e+00	7.936368e-01	-6.255852e-01	1.515203e+00	-3.628616e-01	3.369648e-01	4.298013e-01	1.484633e+00	-8.544450e-01	-3.181663e-01	2.471416e-01	8.676212e-02	-9.272078e-01	-2.255792e+00	-1.608074e+00	3.912852e-01	2.540809e+00	-1.624814e-01	-5.615476e-01	8.088222e-01	1.613714e+00	7.324669e-01	-1.547013e+00	1.528847e+00	-8.332328e-01	-4.027192e-01	-4.754139e-01	2.982769e+00	-1.028176e+00	-1.336748e+00	4.542165e-01	4.309884e-04	7.036073e-01	3.905935e-01	1.220426e-01	-3.776433e-01	-1.572865e+00	-1.037410e+00	-4.564420e-01	8.261700e-01	-5.438293e-01	-5.492502e-01	-3.226714e-01	1.613550e+00	1.395130e+00	-1.480319e-01	9.268812e-01	1.264732e-01	-2.121918e-01	-2.821959e-01	-7.890259e-01	-6.039470e-02	1.008798e+00	2.247523e-02	-1.673537e+00	8.564943e-01	9.863258e-02	-6.737779e-01	-4.156111e-01	-2.138903e-01	-4.771977e-03	-6.343281e-01	8.814643e-02	-2.707424e+00	2.377142e-01	1.254889e+00	-4.081029e-01	1.317767e-01	2.424407e-01	-8.340716e-01	5.298474e-01	3.943130e-01	-1.076008e+00	-2.234436e-01	4.967187e-01	-1.570461e-01	1.456327e+00	-5.591444e-01	1.382666e+00	-1.705690e+00	-7.721076e-01	-9.073318e-01	7.467473e-01	-1.655286e+00	-1.270351e+00	-1.028869e+00	7.347751e-01	9.197713e-02	-2.124204e-01	1.285483e+00	-3.123874e-01	1.926107e+00	8.196722e-01	-1.719198e+00	6.375179e-02	-1.082781e+00	2.487917e+00	5.449154e+00	-2.956762e-01	1.090686e-02	6.762004e-01	-1.736863e+00	-1.004965e+00	-9.795924e-01	-4.696015e-01	-1.085941e+00	3.725361e-01	-9.487671e-01	-4.464195e-01	2.156281e+00	1.444012e+00	-4.393303e-01	-6.028762e-01	1.826214e-02	-2.983220e+00	-1.496085e+00	-1.404717e+00	-1.322366e+00	-5.496148e-01	-2.106549e-02	1.332977e+00	1.127708e+00	6.452240e-01	-1.558548e+00	1.636168e+00	-2.027712e+00	-1.693672e-01	-2.635690e+00	2.554113e+00	-3.043841e+00	-5.529672e+00	-6.793518e-01	-1.019516e+00	-7.917247e-01	4.749505e-01	2.765970e-01	1.532843e+00	-3.056282e-01	5.968952e-01	1.419946e-01	2.187075e+00	-2.082123e-01	6.462742e-01	-5.159364e-01	1.682754e+00	8.553521e-01	1.188030e+00	5.036677e+00	-7.416996e-01	1.904380e+00	-7.478466e-02	1.103909e-01	-1.504172e+00	-1.236415e+00	-1.518725e+00	-1.571759e+00	8.196217e-01	-2.252737e+00	-1.229748e+00	-2.446548e-01	-9.085805e-01	7.232803e-01	-7.309947e+01	-1.632439e-01	-3.023306e-01	-2.262247e+00	3.220892e-01	-6.830978e-01	-4.978687e-01	-3.246015e+00	1.783132e+00	1.243183e+00	-1.257916e+00	-1.973128e-01	9.397646e-01	-9.365868e-01	-5.158416e-01	-1.815769e-01	-4.313398e-01	-1.948355e+00	-1.105806e+00	4.277518e-01	-1.093704e+00	4.114793e-01	1.777850e-01	-2.336529e+00	1.706835e+00	3.020098e-01	8.071226e-01	-1.955856e+00	-3.959610e-01	-9.126312e-01	7.181619e-02	-2.901917e-01	-1.854182e-01	-6.781393e-01	-1.645064e+00	6.453678e-01	8.830135e-01	2.717425e+00	-2.324785e-01	1.548038e+00	3.047628e-01	1.136622e+00	1.075567e+00	-6.830669e-01	1.892823e+00	1.228294e+00	-9.855995e-02	-7.319849e-01	1.164593e+00	-2.691580e+00	6.694587e-01	1.546147e+00	1.094608e+00	1.120877e+00	-1.107260e+00	-1.130880e-01	1.213975e+00	-7.589079e-01	1.127716e+00	-8.995374e-01	2.614224e-02	8.879496e-01	1.038034e+00	-1.055597e+00	-1.549269e+00	3.113181e-01	1.589274e+00	-8.806944e-01	-6.763428e-01	-2.762909e-01	-6.175510e-01	2.296962e-01	-1.155033e+00	1.384704e+00	1.817020e+00	5.148047e-01	1.291820e+00	2.100271e-01	-8.728008e-01	-9.170624e-01	-2.421072e-01	2.847780e-01	-6.681692e-02	-9.659896e-01	7.847557e-02	-2.827218e+00	-3.119247e+00	1.224578e+00	-3.899916e-01	1.199390e+00	7.121595e-01	1.390154e+00	-4.905061e-01	3.974347e-01	-8.620203e-01	1.627407e+00	2.611417e-01	-3.396894e+00	-9.325453e-01	5.353116e-01	-2.036370e+00	-5.203640e-01	4.581682e-01	5.017823e-01	3.502792e+00	-5.599013e-01	-1.057585e+00	3.610097e-01	2.576094e-01	-2.183937e+00	7.100453e-01	-1.268716e+00	2.086275e-01	-8.837239e-01	-2.098169e+00	1.215467e+00	-3.849211e-01	4.033787e-01	-5.813975e-01	3.737696e-01	-2.779659e+00	-1.569871e-01	-1.268126e+00	2.511510e-01	1.478109e+00	1.141204e-01	1.053681e+00	1.335109e-01	1.569542e-01	-7.589678e-01	-1.922157e+00	1.017744e+00	-2.063903e+00	-4.322066e-01	4.829441e-01	-4.453638e-01	-9.980415e-01	-8.233932e-01	-1.592160e-01	-4.532349e-01	-6.119872e-02	1.196190e+00	2.485293e+00	1.121624e+00	1.118520e-01	1.513450e-01	-1.585015e+00	2.230932e+00	-2.666120e-01	1.517263e-01	-1.145072e+00	4.736355e-01	-1.514037e-01	-7.530963e-02	-2.262202e-02	-1.369237e+00	-1.661800e+00	3.599069e-01	9.860196e-01	-2.273767e-01	5.990043e-01	8.246884e-01	1.135858e+00	6.311850e-01	2.394635e+00	-5.563285e-01	-1.668828e-01	1.130913e+00	6.710657e-01	-9.604772e-01	2.265398e-01	-2.709873e+00	-5.504789e-01	-1.643875e+00	4.091389e-01	6.448020e-01	-1.033452e+00	-2.291025e+00	1.968448e+00	1.288387e+00	1.085161e+00	-1.731945e-01	3.215883e-01	2.504475e+00	-2.835688e-01	1.389031e+00	6.192761e-01	1.323629e+00	3.575440e-02	-9.330512e-01	4.683159e-01	-6.249498e-01	-9.280304e-01	4.813368e-01	-1.647385e-01	-5.718378e-01	-1.645130e+00	-8.855430e-01	1.838277e-01	1.649382e+00	7.023840e-02	-1.216715e+00	-3.970388e-01	-1.158673e+00	1.452652e+00	1.210157e+00	-4.466326e-01	1.825987e-01	-7.905658e-01	9.172157e-01	5.678917e-01	-8.116663e-01	-1.132648e+00	2.780286e-01	-1.002065e+00	-1.437574e+00	1.460290e-01	-6.456708e-01	1.711250e+00	-1.830999e+00	1.048419e+00	-1.025726e-01	1.450607e+00	-8.170303e-01	4.259492e-01	1.945729e+00	-1.745217e+00	9.474882e-01	-5.821107e-01	3.863054e-01	4.741004e-01	-2.341732e+00	-6.852024e-01	-5.773495e-01	1.515069e+00	7.177404e-01	-1.220671e+00	-9.301068e-01	1.212205e+00	-5.921465e-01	5.632320e-02	3.357944e-01	1.957564e+00	6.182323e-01	1.384640e+00	-4.930527e-02	-3.458889e-01	1.610783e+00	2.081796e-01	-6.470746e-01	-9.566253e-01	1.065292e+00	1.512539e+00	1.838397e+00	-1.082247e+00	1.846170e+00	5.255768e-01	6.920131e-01	1.935675e-01	1.413379e-01	4.410661e-01	2.433212e+00	1.420553e-01	2.304585e+00	9.369465e-02	5.207886e-01	-2.659892e+00	-2.032764e+00	-1.098782e+00	-1.347259e+00	-3.134757e-02	1.985974e+00	1.550154e+00	1.582330e+00	1.087683e+00	-3.212919e-01	-3.478770e-01	2.109537e-01	-1.400724e+00	-1.117747e+00	-5.001628e-01	-1.082802e+00	-2.508116e+00	-6.270303e-01	-1.372277e+00	-3.883886e-01	1.118943e-01	-4.356479e-01	7.993111e-01	1.099514e+00	-3.286953e-01	-3.517244e-01	-4.404714e-02	1.690992e+00	-1.116725e+00	-9.364477e-01	-1.936712e+00	3.833109e-01	-4.193924e+00	-3.897782e-01	-2.823507e-01	1.123477e-01	-4.125536e-01	-1.883849e-01	7.486010e-01	1.574953e-02	6.749467e-01	-2.261724e-01	2.120499e+00	-1.458058e+00	1.879353e+00	2.017955e+00	-8.598915e-01	1.851034e+00	-2.179001e+00	7.348089e-01	2.123688e+00	-7.588561e-01	-8.618965e-01	-2.232704e+00	3.124970e+00	2.112190e+00	6.585024e-01	-1.552593e+00	-9.042841e-01	-1.000436e+00	-4.108499e-02	-3.752002e-01	2.643928e-01	-1.103950e-01	-1.436018e-01	2.881548e+00	7.192988e-01	1.901231e-02	-2.443195e-02	-1.316589e+00	-8.367230e-02	5.214183e-01	-2.537424e-01	-1.145040e+00	-2.470805e-01	1.126540e-01	5.698460e-01	-1.484336e+00	1.064899e+00	2.381868e-01	-3.735437e-01	1.567334e-01	-4.403128e-01	-1.028045e+00	7.789698e-01	-9.070345e-01	7.995671e-01	-6.094831e-01	2.584277e-01	-6.971569e-02	6.402022e-01	1.468950e+00	-9.576372e-01	-7.696676e-01	-8.153508e-01	-8.651546e-01	7.406570e-01	5.246724e-01	-1.075143e-01	-2.511040e+00	-1.883556e+00	-1.642226e+00	-1.169320e+00	-7.786340e-02	-5.697558e-01	1.135644e+00	3.151886e+00	6.305302e-01	-9.859632e-01	-2.242133e-01	-1.586512e+00	-1.211765e+00	1.063586e+00	2.201185e+00	-8.715844e-01	-1.119744e+00	-1.705319e+00	-1.049520e+00	3.044367e-03	1.894137e-01	-6.292632e-01	-8.242076e-02	3.531075e-01	-5.512640e-01	1.365040e+00	1.301436e+00	1.686694e+00	8.504842e-01	6.107267e-01	1.647688e+00	1.147730e+00	6.892315e-01	4.203344e-01	-6.926117e-02	1.186346e+00	7.221866e-01	8.366454e-01	-1.047718e+00	4.873049e-01	9.092296e-01	8.455954e-02	-4.814071e-01	-1.064973e+00	-1.903538e+00	1.911514e+00	-4.372617e-03	1.001030e+00	1.309684e+00	1.088685e-01	1.675703e+00	-1.383312e+00	-8.176155e-01	8.972415e-05	-1.239784e+00	9.414698e-01	-6.054923e-01	-3.432136e-01	1.592847e+00	-1.003602e+00	-1.078332e+00	-1.984322e+00	1.501867e+00	3.821966e-01	1.185775e+00	-4.533620e-01	5.531908e-01	1.379933e+00	-1.244368e-01	1.319663e+00	-9.287887e-01	-1.137843e+00	-1.925413e+00	-6.069144e-01	1.517299e-01	-6.244012e-01	9.740947e-01	-5.471181e-01	-2.110561e+00	4.825480e-01	1.873775e+00	8.992872e-01	4.483255e-01	1.199727e+00	-1.314495e+00	2.791524e-01	-2.321957e+00	-8.263089e-01	-5.015367e-01	-5.659111e-01	5.587558e-01	-1.347632e-01	-1.745593e+00	1.565693e+00	-1.398648e+00	-1.335254e-01	-1.920237e-01	-1.455276e+00	-2.291394e+00	-2.653843e-01	-5.699511e-01	4.724650e-02	1.524765e-01	-7.909179e-01	2.500953e-01	-2.923960e-01	1.717615e+00	2.460355e-01	4.097457e-01	-3.548526e-02	-5.459126e-01	1.062824e+00	-1.378658e+00	-1.012007e+00	1.141403e+00	-3.681925e-01	7.818101e-01	9.354028e-01	1.394565e+00	-1.676871e+00	1.151779e-01	5.290262e-01	2.083107e-01	1.979709e+00	4.355873e-01	-7.823561e-01	-1.850565e+00	1.259073e+00	1.738398e+00	-2.680522e-01	6.767771e-01	9.602529e-01	-7.778491e-01	-5.663826e-01	-3.201643e-01	4.600218e-01	-5.874914e-01	-1.479249e-02	8.556077e-01	6.619809e+00	-1.008365e+00	-1.678629e+00	-4.937080e-01	1.015834e+00	6.612996e-01	4.601552e-01	-1.344249e+00	-7.598308e-01	3.024366e-01	-4.812109e-01	-1.366444e+00	-2.096132e-01	-2.417899e+00	-7.119528e-01	-4.160947e-01	9.158235e-01	6.657773e-01	-1.617946e+00	-1.051642e+00	-2.963104e-01	-6.115381e-01	-1.397996e+00	-8.497809e-01	-3.152861e-01	-1.717836e+00	1.470611e+00	1.534658e+00	-9.803303e-01	-1.580033e+00	-1.652355e+00	7.294401e-01	-3.414596e+00	-3.473478e+00	-1.687706e+00	8.370094e-01	5.835956e-01	
-2.499498e-02	-1.551779e-01	-1.113229e+00	6.801896e-01	1.612195e+00	1.235872e+00	-8.610802e-01	-4.957179e-01	-4.004057e-02	-3.026124e-01	-2.142898e-01	5.863513e-01	-2.751724e-02	-7.329179e-01	1.012347e-01	-5.026952e-01	1.300334e+00	-8.615015e-02	8.129266e-01	-3.089175e-01	-6.426715e-01	1.437340e+00	-1.473503e+00	3.576740e-01	-3.446383e+00	6.763553e-01	-5.610714e-01	-3.514371e-01	-1.790173e+00	2.070719e-01	-1.845502e-02	1.227271e+00	-1.522352e+00	1.293237e+00	-4.195095e-01	1.552974e+00	-1.682587e+00	-2.312721e+00	-2.631989e-02	-6.251506e-01	-1.898288e+00	4.831390e-01	5.283303e-01	4.094686e-01	7.407422e-01	-1.187763e+00	-1.488427e+00	9.100290e-01	-4.602991e-01	6.468990e-01	1.132671e+00	-3.292965e-01	1.244981e+00	1.489731e+00	7.001650e-01	1.449688e+00	-1.119563e+00	-1.226300e+00	-2.725008e-01	4.679299e-01	-3.956076e-01	-2.204434e-01	-2.217582e+00	-2.381480e+00	1.183563e-01	1.096531e+00	6.375178e-01	6.841661e-01	8.256544e-01	5.123165e-01	-2.836652e-01	1.928654e+00	1.332931e+00	-9.370842e-01	-1.811118e-01	-2.774604e-01	-7.678596e-01	-4.322201e-01	-1.452947e+00	8.152990e-01	9.832171e-01	1.406386e+00	5.417860e-01	-1.646871e+00	7.288052e-01	1.833716e+00	1.148064e+00	-7.736728e-01	1.513577e+00	-1.221315e+00	-1.042330e+00	2.943332e-02	2.317240e+00	-1.136153e+00	-1.355258e+00	1.562965e-01	1.211003e+00	8.795506e-01	1.932761e-01	1.895276e-01	-7.217866e-01	-1.352573e+00	-5.407999e-01	-2.297557e-01	2.281635e-01	-4.260656e-01	-7.187893e-01	-1.100367e+00	1.392517e+00	1.278746e+00	8.405444e-01	9.071655e-01	9.756453e-02	-1.793273e+00	-2.219126e-01	-8.245344e-01	-1.245497e+00	-9.347168e-02	1.474442e+00	-9.821730e-01	1.450627e-01	-1.787909e-01	-7.848145e-02	-6.723621e-01	1.316637e-01	6.910298e-01	-1.880616e-01	1.706625e-01	-2.333189e+00	1.565750e-01	-2.243993e-01	-1.466765e-01	6.506616e-01	1.025370e+00	5.038805e-01	-4.604678e-02	4.590359e-01	-1.722441e+00	-6.622390e-01	1.308911e+00	-4.039865e-01	-1.556690e-01	-8.975587e-01	3.776208e-01	-1.461851e+00	-1.042385e+00	-2.311931e-01	1.944224e+00	-1.036900e+00	-4.580144e-01	-1.386320e+00	-3.530182e-01	4.417861e-01	5.498260e-01	9.161844e-01	-6.147433e-01	3.070478e-01	7.046174e-01	-2.761113e+00	1.043706e+00	-1.718575e+00	8.068964e-01	4.756423e+00	-7.278371e-01	4.499989e-01	-2.684449e-01	-5.992873e-01	-3.042646e-01	-6.733323e-01	-1.147623e+00	-4.966299e-01	1.472135e-01	-6.468556e-01	2.023877e-02	2.947365e+00	1.539222e+00	-4.856770e-01	7.486216e-01	-4.654700e-01	-3.050375e+00	-1.363022e+00	-1.061973e-01	-4.824039e-01	-8.246133e-01	-2.931910e-01	1.549541e+00	1.073789e+00	-1.680264e-01	-1.642294e+00	3.014717e+00	-2.345334e+00	-3.198591e-01	-2.609125e+00	1.941115e+00	-2.921674e+00	-5.336918e+00	5.008193e-01	7.435248e-01	-8.048276e-01	3.175014e-01	-8.317513e-01	1.077159e+00	-2.694764e-01	3.852995e-01	1.811054e-01	2.148587e+00	-3.681089e-01	1.124173e-01	-5.432248e-01	1.839954e+00	1.759134e-01	-1.143582e-01	3.959153e+00	-1.663337e+00	1.037426e+00	-7.722343e-01	-1.809072e-01	-1.659873e+00	-6.976896e-01	-7.380099e-01	-1.091658e+00	1.722214e+00	-2.180669e+00	4.288228e-01	-1.370023e+00	-7.942033e-01	1.172585e-01	-7.535168e+01	6.012796e-01	-1.963740e-03	-1.143218e+00	-1.964694e-03	4.595148e-02	-5.828276e-01	-3.214680e+00	2.258280e+00	1.190589e+00	-1.961971e+00	2.285696e-01	-1.159867e-01	2.293063e-01	4.963478e-01	-7.610730e-01	-8.449968e-01	-1.201164e+00	-2.386385e-01	6.169339e-02	-9.846120e-01	-9.963338e-01	2.578993e-01	-2.263070e+00	1.116215e+00	7.079383e-01	1.455397e+00	-1.872071e+00	-1.174206e-01	-5.018206e-01	-1.863643e+00	-4.877959e-01	-5.196243e-01	-2.465027e-01	-1.319201e+00	1.416172e+00	1.799255e+00	1.926204e+00	-1.196093e+00	6.938162e-01	1.862352e-01	2.297311e-01	9.461240e-01	-1.843329e+00	1.831082e+00	1.278877e+00	-2.680007e-01	3.374889e-01	-3.273713e-01	-3.552227e+00	-1.677089e-01	5.345907e-01	8.448604e-01	4.090985e-01	-1.047209e+00	-2.788898e-01	1.056138e+00	-4.427679e-01	6.101304e-01	3.747199e-01	-3.351436e-01	1.568474e+00	-1.157895e-01	-2.767209e-01	-6.376556e-01	-9.945031e-01	1.346345e+00	-8.812991e-02	-1.111436e+00	1.964138e-01	-1.539294e+00	-1.132540e+00	-1.402522e+00	1.457545e-01	3.362357e-01	2.179858e-01	3.061017e-01	-3.194148e-01	-6.706523e-01	-6.877310e-01	-6.268582e-01	9.271958e-01	-3.948999e-01	-1.121112e+00	-6.704027e-01	-1.220179e+00	-3.294757e+00	2.618776e+00	-4.592620e-01	8.878425e-01	-6.271564e-01	1.170135e+00	1.088545e+00	7.253284e-01	4.260491e-01	9.804171e-01	4.427144e-01	-2.211949e+00	-3.696760e-02	1.124077e+00	-1.289926e+00	-5.928620e-01	3.887142e-01	7.333380e-02	3.200464e+00	2.107269e-02	-2.068851e+00	-5.021357e-01	-2.297589e-01	-8.261405e-01	9.647903e-01	-1.617423e+00	-1.751446e-01	-1.249536e+00	-1.804268e+00	1.208030e+00	-7.127451e-01	3.272124e-02	-9.865589e-01	6.002464e-01	-5.925815e-01	-3.802465e-01	-9.413587e-01	-5.469360e-01	1.010166e+00	-4.161345e-01	9.778319e-01	-3.606357e-01	-4.023595e-01	-6.865963e-01	-1.589176e+00	6.596919e-01	-2.071234e+00	-5.717958e-01	-2.261707e-01	2.355520e-01	1.908132e-01	-4.243535e-01	2.185276e-01	-9.302992e-01	-4.442494e-01	1.687966e+00	1.797867e+00	8.191022e-01	-1.614389e+00	-7.876079e-01	-1.903939e+00	2.012189e+00	6.963632e-01	1.679605e-01	-6.926333e-01	1.829255e+00	-9.100812e-01	-6.366360e-01	-2.110766e-01	-1.782478e+00	-5.200891e-01	2.851646e-01	-4.750661e-01	1.309699e+00	1.417834e+00	5.803370e-01	1.308559e+00	4.901079e-01	1.917037e+00	-6.269447e-01	2.093332e-01	8.020654e-02	9.691188e-01	8.883227e-02	6.585916e-01	-2.641256e+00	-7.276388e-01	-1.846178e+00	4.550773e-01	5.828969e-01	-1.589099e+00	-1.320085e+00	1.890104e+00	1.594208e+00	4.176765e-01	8.177308e-01	3.684707e-01	2.650770e+00	1.837031e+00	1.395522e+00	3.335922e-01	1.508131e+00	-1.063525e+00	1.005988e-01	6.249406e-01	-1.231844e+00	-1.132611e+00	1.329198e+00	-7.868723e-01	-7.972782e-01	-1.420672e+00	-3.480696e-01	1.984452e-01	7.122508e-01	-5.974654e-01	-8.404217e-01	-6.450133e-01	-5.811851e-01	2.727138e-01	2.293104e-01	4.455129e-02	-8.721897e-02	-2.231424e-01	1.127705e-01	2.491716e-01	-9.419063e-01	-7.760764e-01	1.121578e+00	1.237312e-01	-1.934739e+00	5.594342e-01	3.543906e-01	1.200655e+00	-2.379699e+00	-2.192421e-01	-3.390392e-03	1.343588e+00	1.776897e-01	7.507551e-01	1.539635e+00	-1.806614e+00	1.190441e+00	-9.237012e-01	-2.944484e-01	9.807926e-01	-2.148088e+00	-4.087268e-01	-1.902785e+00	1.341287e+00	7.383012e-01	-1.695445e+00	-1.792430e-01	2.633523e-01	-1.199164e-01	-4.963292e-01	-1.684132e-01	1.170098e+00	-1.471007e-01	3.667458e-01	-1.281147e+00	-6.373242e-01	2.660462e-02	8.411697e-01	-1.222567e+00	-8.854698e-01	7.180260e-01	1.522442e+00	5.149775e-01	2.701232e-01	4.772503e-01	4.289194e-01	2.145778e-01	-1.059700e+00	-9.525258e-01	-8.006091e-01	2.427619e+00	1.073590e+00	2.436980e+00	-3.991286e-01	3.363339e-01	-1.430360e-01	-1.335758e+00	-2.716846e-01	-1.042420e+00	5.317692e-01	1.678948e+00	1.331399e+00	1.469199e+00	9.238209e-01	-6.194555e-01	4.205827e-01	7.598585e-01	-1.424098e+00	-1.419308e+00	-3.473580e-01	-1.003053e+00	-1.234324e+00	-9.911771e-01	-1.925515e+00	-2.517270e-01	7.339921e-01	2.875556e-01	-1.221231e-01	8.481210e-01	-1.507531e-02	-1.681264e-01	1.924375e-01	9.070611e-01	-1.911136e+00	-1.313758e+00	-2.548347e+00	3.679858e-01	-2.795312e+00	7.175638e-02	-8.463195e-01	8.768426e-01	2.674280e-02	-6.245653e-01	7.389433e-01	-7.947131e-01	1.602856e+00	3.101279e-01	2.989236e+00	-1.241147e-01	1.374172e+00	1.287358e+00	-1.649258e+00	7.438619e-01	-1.350421e+00	5.519608e-01	3.240978e-01	-6.998454e-01	-1.016904e+00	-1.573856e+00	2.968805e+00	1.014169e+00	-5.463656e-01	-8.234227e-01	-1.290079e+00	-1.565972e+00	-5.110680e-01	-1.665835e-01	1.192806e+00	-4.255645e-01	-7.243696e-01	2.437050e+00	1.301736e+00	5.298291e-03	1.596481e+00	-7.828927e-01	2.217676e-01	8.122367e-01	8.582540e-01	-1.584744e+00	-1.392636e-02	-5.975642e-01	1.551476e+00	-2.044789e+00	1.237899e+00	5.736541e-01	8.983328e-02	-3.941846e-01	8.101201e-01	-3.862772e-01	5.631387e-01	-1.619887e-01	5.665185e-01	-9.223115e-01	1.516133e-04	-1.869382e-01	3.872654e-01	1.365554e+00	-7.700830e-01	-2.926442e-01	-2.822140e-01	-5.790610e-01	-3.495916e-01	6.008830e-01	6.666721e-01	-1.434505e+00	-2.024782e+00	-1.491686e+00	6.313177e-01	-6.764539e-01	-1.679868e+00	-4.828169e-01	3.504501e+00	-2.060113e-01	-1.020221e+00	-1.121993e+00	-4.128607e-01	-1.954862e+00	-2.818492e-01	7.091615e-01	-3.134308e-01	-1.334661e+00	3.648010e-01	-3.717142e-01	4.770011e-01	5.339398e-01	2.812038e-02	2.820446e-01	-4.784658e-01	8.809547e-01	2.140028e+00	7.850237e-01	1.156365e+00	1.567574e+00	5.185111e-01	2.329518e+00	1.402204e+00	1.642954e+00	1.037847e+00	-3.716001e-01	1.786774e+00	2.181241e-01	2.890384e-01	-1.535712e+00	1.629300e-02	9.448919e-01	1.855217e-01	-2.288950e-01	-9.983522e-02	-1.774127e+00	4.869217e-01	-1.383679e-01	1.962610e+00	2.882013e-01	2.184978e-01	2.332817e+00	-1.604157e-01	8.206832e-02	-1.458161e-01	-2.752842e-01	1.368109e+00	9.613547e-01	-3.698209e-01	9.950196e-01	-3.270516e-01	-1.538354e+00	-2.547934e+00	1.651616e+00	-7.373792e-01	5.028186e-01	-2.419711e-01	5.739305e-01	3.852047e-01	-6.378471e-01	8.965042e-01	-1.173797e+00	-6.633365e-01	-2.099023e+00	-1.372084e+00	9.199120e-01	-1.327969e-01	1.047392e+00	-1.647162e-01	-1.380236e+00	1.137009e+00	1.495325e+00	4.493082e-01	9.296891e-01	1.008120e+00	-1.509944e+00	-3.068915e-01	-9.517927e-01	3.617890e-01	-3.670609e-01	-7.683520e-01	1.601952e-01	4.880467e-01	-2.222535e+00	9.163573e-01	-1.465568e+00	-1.593136e-01	-1.218646e-01	-6.749764e-01	-1.047601e+00	-5.317804e-01	-8.835785e-01	-1.004223e-01	-1.946969e-01	-9.300041e-01	3.709978e-01	-4.644429e-01	2.095057e+00	9.221616e-01	2.925067e-01	-4.096883e-01	4.876487e-01	1.422611e+00	-1.756703e+00	-6.076531e-01	2.937271e-01	9.432004e-02	3.993031e-01	1.284678e+00	1.646601e+00	-1.588597e+00	4.724015e-01	-2.456707e-01	5.009078e-01	2.237948e+00	7.256700e-01	-6.848339e-01	-1.715507e+00	2.194861e+00	9.068446e-01	-3.730631e-01	-2.339480e-01	1.164828e+00	-7.000666e-01	-1.220756e+00	-1.450025e-01	-1.616304e-01	-5.971253e-01	-6.042951e-01	8.324192e-01	7.293235e+00	3.511060e-01	-1.441527e-01	-1.088009e+00	1.003430e+00	1.850103e+00	5.900519e-01	-7.063775e-01	-3.179100e-01	8.626384e-02	-3.360554e-02	-2.069247e+00	-3.192657e-01	-1.825113e+00	-5.399403e-01	1.569660e+00	9.079396e-01	5.614813e-01	-9.588481e-01	-5.623978e-01	-4.670445e-01	1.491709e-01	-1.713082e+00	-4.273306e-01	4.074156e-01	-1.511974e+00	6.431832e-01	-8.062304e-01	-1.892914e+00	-2.216539e+00	-2.530610e+00	9.922461e-01	-2.212229e+00	-3.100194e+00	-8.175978e-01	2.480004e-01	1.958522e-01	
4.156279e-01	3.363106e-01	1.175173e+00	8.360735e-01	4.598392e-01	-7.269858e-01	-2.389240e+00	1.336932e-01	9.452727e-01	3.713539e-01	-2.799977e-01	8.345017e-01	-6.431605e-01	-1.149634e+00	2.932865e-01	-1.285394e+00	3.965910e-01	-2.118070e-01	-5.960203e-01	-1.655900e+00	-2.333995e-01	2.192926e+00	-1.918380e+00	2.568882e-01	-2.135394e+00	1.614682e+00	-9.740056e-01	-9.967806e-01	-4.408351e-01	-6.280403e-01	1.990211e+00	8.958198e-01	-2.159261e+00	7.265181e-01	-1.423807e-01	1.356208e+00	-1.568362e+00	-6.458901e-01	1.905207e-01	-1.731607e+00	2.281819e-01	6.929041e-01	6.077846e-01	6.006044e-01	4.696736e-01	-1.515441e+00	-1.341554e+00	1.265421e+00	1.294649e-01	1.230724e+00	3.430048e-01	-7.099293e-01	1.930708e+00	1.733066e+00	4.312249e-01	1.579592e+00	6.575710e-01	-1.488278e+00	7.189813e-01	5.448667e-01	-3.583587e-01	1.478588e+00	-3.014217e+00	-1.349382e+00	1.179326e-01	4.709029e-02	4.458991e-01	7.415490e-01	6.805778e-01	6.420137e-02	-2.629652e-01	6.365596e-02	1.471456e+00	-1.586133e+00	-3.840528e-01	-1.991888e-01	5.106121e-01	1.139448e-01	-1.562059e+00	-1.411307e+00	1.989489e-01	7.462617e-02	-2.310541e-01	-2.513781e-01	-5.330637e-01	7.375377e-01	6.345944e-01	8.218106e-01	1.360572e+00	-3.260850e-02	-2.470825e-01	1.222858e+00	2.641376e+00	-1.161907e+00	-1.913199e+00	4.098865e-02	9.031580e-01	-1.051599e-01	5.161163e-01	-3.081375e-01	-7.546275e-01	-2.543895e+00	4.088002e-01	4.407772e-01	1.144446e+00	-3.281145e-01	1.027152e-01	6.411366e-01	1.585849e+00	7.115719e-01	3.121587e-01	2.419167e-01	2.025153e-01	-3.497101e-01	2.130276e-01	-1.796412e-01	-1.746473e+00	-4.807276e-01	-3.932183e-01	-1.950081e+00	-7.745001e-01	1.047094e+00	1.666635e-01	-1.380661e+00	-7.849022e-01	2.129275e-01	-3.721603e-01	-1.326347e-01	-3.504665e+00	8.159526e-01	7.089696e-01	5.315693e-01	7.727997e-01	5.284447e-02	-4.538479e-01	-5.988923e-03	3.894220e-01	-1.110791e+00	-7.576643e-01	8.965418e-01	-1.528127e+00	-5.112481e-01	3.486440e-01	-8.292032e-02	-2.469405e-01	-4.425280e-01	3.820519e-01	4.594744e-01	-5.149720e-01	-1.664771e+00	-8.889743e-01	-3.616126e-01	7.488883e-01	8.911855e-01	1.238655e-02	-8.684759e-01	2.519905e-01	-1.916891e-01	-1.663287e+00	8.251011e-01	-1.027302e+00	8.112591e-01	2.644557e+00	4.776492e-01	3.439391e-02	-5.041057e-01	3.720744e-01	-1.089382e+00	-6.134935e-01	-1.675894e+00	8.620587e-02	1.330983e+00	-3.998476e-01	-4.221280e-01	1.279632e+00	6.536451e-01	-8.682175e-01	3.827703e-01	3.176087e-01	-1.577009e+00	-1.407225e-02	-5.414940e-01	-8.950331e-01	1.781440e-01	3.819666e-01	-3.299228e-01	1.016401e+00	1.139771e+00	-3.143087e-01	4.134475e-01	-2.173992e+00	-2.021614e+00	-1.736815e+00	7.804463e-01	-2.157224e+00	-5.467258e+00	2.035304e-01	1.346854e+00	-1.551186e-01	-4.478395e-02	-6.228976e-01	7.784271e-01	-1.217101e+00	1.669834e+00	-3.701442e-01	1.421381e+00	-1.307292e+00	-2.392725e-02	5.835783e-01	6.067601e-01	-1.165591e+00	-1.254371e+00	4.351362e+00	-7.888589e-01	1.940398e+00	1.003008e+00	2.955222e-02	-1.486784e+00	2.999481e-01	-4.639435e-01	-1.244022e+00	-7.970521e-01	-6.868487e-01	3.325004e-01	-6.574296e-02	-3.264418e+00	-2.414014e-01	-7.341351e+01	6.502950e-01	1.255132e+00	-1.222071e-02	1.439894e+00	-8.724142e-01	4.591751e-01	-2.697935e+00	7.737089e-01	9.482306e-01	-1.337376e+00	-3.920310e-01	7.970616e-01	-4.194508e-01	-1.951089e-02	-2.195951e-01	-1.144073e+00	-7.816420e-02	-6.684968e-01	8.070436e-01	-1.186877e+00	4.006536e-02	-1.384726e+00	-1.566271e+00	5.250884e-01	9.658617e-01	-6.632534e-02	-2.895126e+00	-1.375636e+00	-2.970716e-02	-1.057653e+00	-9.438318e-03	-3.019557e-01	-2.363415e-02	-1.067506e+00	4.732638e-01	1.125733e+00	2.225811e+00	-6.376257e-01	2.471887e-01	1.389982e+00	1.379088e-01	1.049622e+00	-2.030294e+00	3.523325e+00	9.915609e-01	3.991845e-01	1.629520e-02	1.336197e+00	-1.286618e+00	-8.403004e-01	-1.086496e+00	1.746571e+00	2.225224e+00	-1.776064e-01	4.261319e-02	2.021364e+00	1.921646e-01	2.291444e-01	9.425884e-02	3.016104e-02	1.018160e+00	-3.654882e-01	-1.849975e-01	-7.401953e-01	-2.931435e-01	9.019991e-01	4.245801e-02	-9.411706e-01	8.703542e-01	-5.146725e-01	-2.262054e+00	-1.045117e+00	5.825121e-01	1.259677e+00	-6.386974e-01	5.457060e-01	-9.072677e-01	-1.210251e-01	-1.962628e+00	-5.852211e-01	1.512280e+00	5.021033e-01	-6.062406e-01	5.613800e-01	-1.185838e+00	-2.799353e+00	1.558160e+00	2.284899e-02	6.530038e-02	1.522597e+00	1.295365e-01	-1.647087e-01	-1.183113e-01	-4.119523e-01	9.950725e-01	5.072411e-01	-1.632697e+00	9.195715e-01	4.964650e-01	-1.294161e+00	-1.209639e+00	-5.842606e-01	-4.426903e-01	2.190732e+00	4.865655e-01	-1.948392e+00	5.878313e-01	-1.635251e-01	2.608610e-01	1.406245e+00	-1.068388e+00	-9.542645e-01	-1.422490e+00	-2.137278e+00	1.307671e+00	2.818931e-01	1.226512e+00	-1.978344e+00	3.090172e-01	-9.192240e-01	-8.763594e-01	-5.593752e-01	3.943116e-02	5.009990e-01	9.024536e-02	1.667866e-01	-5.064710e-01	-2.039714e-01	-7.656233e-01	-1.927255e+00	7.196416e-01	-3.515816e+00	-5.283498e-01	1.285822e+00	-5.115731e-01	4.449745e-01	1.582793e+00	-1.329476e+00	-5.453537e-01	-5.230083e-01	1.401540e+00	4.745227e-01	1.856655e-01	1.533926e-01	-2.956247e-01	8.240305e-02	7.665977e-01	3.518190e-01	-1.213404e+00	-6.836432e-02	1.266142e+00	-4.957395e-02	-3.226902e-01	-1.041006e+00	-2.005716e+00	8.870006e-01	3.572724e-01	5.527163e-01	-6.105378e-01	-3.054139e-01	5.775834e-01	7.950625e-01	2.543812e-01	1.845385e+00	-5.761856e-01	4.826952e-01	1.718206e+00	-2.472832e-01	-6.391472e-01	3.090388e-01	-3.639299e+00	1.184006e+00	-1.351524e+00	1.562785e+00	5.214557e-01	-1.573008e+00	-1.923393e+00	1.719817e+00	1.217001e+00	4.028667e-01	1.076354e+00	1.070293e+00	2.034630e+00	6.367192e-02	1.844304e-01	6.338733e-01	1.350636e-01	-1.204082e+00	-6.330354e-01	-1.351771e+00	-1.145749e+00	-8.500535e-01	-6.699743e-02	-1.661576e+00	-1.367113e+00	-1.368209e+00	1.655213e+00	1.816497e+00	1.250401e+00	9.184420e-01	7.928105e-02	-5.073454e-01	-6.438226e-02	1.542047e+00	2.264793e-01	6.081266e-02	-8.320492e-01	5.113418e-02	1.692956e-01	-4.632061e-01	4.576247e-01	-1.102194e+00	7.922598e-01	8.526777e-01	6.946464e-01	1.003261e+00	1.035310e-02	2.091149e+00	-1.531050e+00	-3.727084e-01	-1.354927e+00	-3.516559e-01	-1.876053e-01	2.114067e+00	1.113547e+00	-7.624522e-01	-1.185543e+00	-7.185397e-01	-1.843666e-01	6.171444e-01	-3.440010e-01	-1.713095e+00	-8.160724e-01	2.349209e-01	2.951787e-01	-2.402519e-01	-1.330441e+00	3.299134e-02	-2.567873e-01	-1.265236e+00	-1.031913e+00	1.361995e+00	-6.252509e-01	3.648919e-01	-1.147562e-01	-4.825641e-01	7.900310e-01	-2.593438e-01	-3.590408e-01	-7.557234e-01	-1.998679e-01	1.226205e+00	4.312621e-01	-1.176485e+00	-9.857240e-01	-3.959655e-01	1.010457e+00	-6.967347e-01	-2.920370e-01	-6.588183e-01	1.965264e+00	1.675007e-01	1.023283e+00	1.621857e-01	4.615156e-01	1.757614e-01	-9.106812e-01	7.010168e-01	-3.300684e-02	-1.415805e-02	2.377977e+00	2.444267e+00	2.162400e+00	3.585602e-01	-2.050956e+00	7.666616e-01	-1.215677e+00	-1.458804e+00	-6.611855e-01	-7.690710e-01	-1.278198e+00	1.054579e+00	-2.353978e-01	-1.004115e+00	-4.646978e-01	-9.706530e-01	-4.091455e-01	2.234835e-01	2.965552e-01	-6.231218e-01	-8.375806e-01	2.775497e-01	1.017910e+00	-2.080537e-01	1.150181e+00	-1.437518e+00	-1.043117e+00	-1.578447e+00	5.742271e-01	-1.485641e+00	-7.175680e-01	-1.098853e+00	-1.421184e+00	6.482114e-01	-1.483915e+00	1.048791e+00	-3.711521e-01	2.141159e+00	-3.822209e-01	9.018362e-01	1.599387e-01	-6.338419e-01	4.882954e-01	-1.362082e+00	1.301675e-01	-8.833795e-01	-5.187382e-01	-1.426481e+00	-1.632916e+00	1.777927e+00	2.166425e+00	-1.058504e+00	-2.189483e+00	-6.024552e-01	-1.596665e+00	-3.758006e-01	-5.761368e-01	-7.653543e-02	1.743387e-01	-1.244313e+00	2.044708e+00	1.140357e+00	1.477159e+00	5.502253e-01	1.341213e-01	2.938230e-01	-7.622712e-01	5.521045e-01	-1.552788e-01	5.908524e-01	1.996443e+00	2.225790e+00	-8.276249e-01	1.447512e+00	-2.872097e-01	4.200093e-01	4.172198e-01	-4.021638e-01	-8.581502e-01	1.311941e+00	7.196661e-01	4.219514e-01	-1.878331e+00	2.068511e-03	3.073534e-01	7.707575e-01	1.857531e+00	-4.107393e-01	7.288562e-01	-1.652318e-01	-3.824402e-01	-1.511410e+00	2.608033e-01	-2.502800e-01	-8.648936e-01	-1.669398e+00	-1.317321e+00	8.560903e-02	-5.157328e-01	-1.161615e+00	5.872942e-01	2.498110e+00	-3.775988e-01	2.921202e-01	-3.628870e-01	-4.139358e-01	-5.428736e-01	-3.958149e-01	2.155427e+00	-2.280544e-01	-5.598620e-01	9.870611e-01	-2.006491e+00	9.333113e-02	-2.813574e-01	-5.041313e-01	2.028474e+00	1.532853e-01	-3.807675e-01	2.458758e+00	7.401574e-01	7.343915e-01	7.568327e-01	-1.785232e-01	2.336684e+00	-4.583988e-01	2.348203e+00	6.085134e-01	-5.567127e-01	1.457907e+00	-7.874036e-01	2.745260e-01	-1.664248e+00	1.262902e-02	-4.411072e-01	-6.679965e-01	-8.254113e-01	-2.453409e-01	-6.021005e-01	9.019789e-01	8.359922e-01	7.897094e-01	-5.788108e-01	7.952043e-02	2.186509e+00	-1.011769e+00	-1.418237e+00	2.546301e-01	-6.933589e-01	1.637738e+00	-3.068611e-01	5.797137e-01	-3.271132e-01	-6.385781e-01	-1.389934e+00	-1.392145e+00	1.699716e+00	-1.936341e-01	2.173618e+00	-1.850437e+00	-1.583656e-01	1.941459e+00	-1.932791e+00	9.878430e-01	8.308933e-01	4.595405e-01	-1.266139e+00	-1.839577e+00	2.367809e-01	6.847302e-01	1.593848e+00	-7.851741e-02	-4.608977e-01	1.431726e+00	1.039642e+00	1.150260e+00	8.489069e-01	1.557117e-01	-2.294026e+00	1.282095e-01	-1.701141e+00	-1.889711e-01	2.293326e-01	-1.658514e+00	5.019548e-01	5.735789e-01	-6.685292e-01	-4.487790e-01	-1.045213e+00	-5.875779e-01	5.170226e-01	-1.239938e+00	-9.833099e-01	-1.938906e-01	-1.579419e+00	-1.750683e-01	-5.955738e-01	-1.520684e+00	-4.982320e-01	-5.390864e-02	2.324021e+00	-7.548046e-01	1.597823e+00	1.220983e+00	4.730682e-01	-3.422005e-01	-1.757555e+00	1.087916e-01	-3.897643e-01	-3.417381e-01	6.843918e-01	8.369038e-01	2.834495e+00	-2.268131e+00	6.493427e-01	-1.319206e+00	3.985871e-01	7.342949e-01	1.227721e+00	-2.201141e-01	-2.185433e+00	1.729311e+00	9.338712e-01	-7.275164e-01	1.635218e-01	-1.396642e-01	7.690517e-01	-1.892288e+00	2.833235e-01	-2.732924e-01	2.517911e-01	-2.231072e+00	-1.109281e-01	8.943873e+00	6.444240e-02	-4.857288e-01	-8.640030e-01	8.812797e-01	-5.146694e-04	1.296084e-01	-4.757499e-01	-8.657597e-01	-1.944624e-01	-7.532089e-01	-7.218271e-01	4.421282e-01	-1.283055e+00	-6.339299e-01	9.549385e-01	-6.003979e-01	1.342040e+00	-1.340269e-01	1.474456e-01	8.455215e-02	-6.070469e-02	-1.909870e+00	-3.079990e-01	3.811909e-01	-2.187104e+00	2.330324e-01	1.378165e-01	-1.032893e+00	-2.492642e+00	-2.506183e+00	3.750610e-01	-1.616179e+00	-1.004151e+00	-5.822257e-01	5.148927e-01	1.040648e+00	
-6.590638e-01	-5.408729e-01	2.427298e-01	9.375395e-01	5.553479e-01	1.338501e+00	-1.396470e+00	1.362721e+00	-5.134680e-01	1.554987e-01	-1.265403e+00	2.833411e-01	-6.993317e-01	-9.133646e-01	1.998682e-02	-1.193556e+00	7.251506e-01	-1.673144e+00	3.177612e-01	-1.080640e+00	-3.361649e-01	2.035538e+00	4.844327e-02	6.063569e-01	-2.220704e+00	-8.773296e-01	-8.524051e-01	-3.110470e-01	-1.382718e+00	-3.219201e-01	1.132601e+00	2.022639e+00	-1.241369e+00	1.265450e+00	-8.067876e-01	5.350519e-01	3.883328e-01	-6.430029e-01	9.529020e-01	-8.533467e-01	-1.078140e+00	6.546447e-01	1.174205e+00	7.642516e-01	9.352802e-01	-2.066359e+00	-3.165401e-01	9.115542e-02	-9.189064e-01	-2.369407e-01	5.411221e-01	-6.604850e-01	1.997417e+00	1.397370e+00	1.127258e+00	1.105895e+00	8.042542e-01	-8.675166e-01	-8.170815e-01	-1.104771e+00	2.442506e-01	7.173700e-01	-3.656673e+00	-9.662586e-01	4.728568e-01	5.502435e-01	1.391468e+00	5.503086e-02	9.947308e-01	-4.368080e-01	6.502202e-01	-3.294955e-01	1.411606e+00	-1.951407e+00	-2.206439e-01	1.321930e+00	-6.824919e-01	7.607316e-01	-2.546350e+00	-1.631353e+00	1.711140e+00	1.257119e+00	-3.270632e-01	-3.135380e-01	-9.362240e-01	1.417959e+00	1.637585e+00	-2.539207e-01	1.024809e+00	-1.716726e+00	-4.940459e-01	-1.015114e+00	3.283504e+00	6.975642e-01	-8.160419e-01	2.774061e-01	6.783547e-01	7.755051e-01	1.184607e-01	-3.492534e-01	-8.304395e-01	-9.662412e-01	-7.038625e-01	-5.339279e-01	1.164955e+00	-1.015407e+00	5.529608e-01	2.591598e-01	6.787723e-01	1.313204e+00	-6.250653e-01	6.033436e-01	8.628286e-01	-3.495036e-01	1.443233e+00	-5.425150e-01	-1.121171e+00	7.208164e-01	3.476747e-01	-1.694081e+00	-2.329951e-01	7.209275e-01	-4.370312e-01	-2.883131e-01	-9.308677e-02	1.696277e-01	-5.794283e-01	-5.790606e-01	-2.604013e+00	8.194377e-01	-8.718368e-02	-1.204412e-01	5.213109e-01	8.924632e-01	-1.461545e-01	1.473308e+00	-6.141035e-03	-9.360071e-01	3.237225e-01	5.616497e-01	-3.459085e-01	5.685312e-01	-1.790137e+00	1.200901e+00	-8.454781e-01	-7.176887e-01	-7.405977e-01	4.825024e-02	-1.596594e+00	-2.059156e+00	-8.262532e-01	3.281836e-01	6.007313e-01	-3.383629e-01	9.815500e-01	-1.364308e+00	1.858804e+00	-3.192224e-01	-1.699680e+00	5.856773e-01	-9.877635e-01	1.319013e+00	3.920075e+00	-9.592637e-02	9.226590e-01	-1.078849e+00	-8.448340e-01	-7.184353e-01	-1.337018e+00	-1.131212e-02	-4.211864e-01	1.632752e-01	-1.515385e-01	-1.419780e+00	1.692698e+00	1.709998e+00	1.559590e-01	-5.150331e-01	-5.824954e-02	-2.407642e+00	-1.127574e+00	-1.357239e+00	-4.822260e-01	1.285443e+00	-5.401067e-01	-1.722837e-01	1.316050e+00	1.383349e+00	-4.503823e-02	1.466334e+00	-1.709341e+00	-6.101044e-01	-2.229837e+00	2.039936e+00	-1.434963e+00	-5.283203e+00	-1.600362e+00	-1.340555e+00	-8.993770e-01	-1.104057e+00	7.234730e-01	3.700113e-01	-3.862996e-01	5.563489e-01	5.518040e-03	2.647675e+00	1.626982e-01	8.732738e-01	2.793669e-01	2.012466e+00	-1.248768e-01	1.420679e+00	4.965900e+00	-8.913825e-01	1.671306e+00	1.032443e+00	1.019840e+00	-6.891163e-01	-9.473659e-01	-1.742262e+00	-1.441453e+00	1.350539e+00	-1.535991e+00	-8.434635e-01	-8.600985e-01	-4.679252e-01	5.022112e-01	-6.903576e+01	-3.403757e-01	-1.189599e+00	-2.958759e+00	-1.996520e-01	-6.370166e-01	-1.162453e+00	-2.241004e+00	1.357533e+00	1.859663e+00	-9.767096e-01	-1.021776e+00	-6.537616e-02	-8.848780e-01	-9.050674e-01	2.163723e-01	-1.208826e+00	-9.656038e-01	5.980474e-02	7.107223e-02	-1.011719e+00	-1.658836e-01	3.132979e-01	-2.168299e+00	8.829247e-01	-1.081172e+00	1.108712e+00	-1.477924e+00	-2.076649e+00	-7.951768e-02	5.556241e-01	-3.920722e-01	-3.452392e-01	-8.647037e-01	-2.124530e+00	5.187570e-01	6.727883e-01	2.188663e+00	4.919502e-01	2.433155e-01	5.859800e-01	2.578986e-01	1.458450e+00	-5.908993e-01	7.083350e-01	-6.038806e-04	-1.540625e-01	-5.834197e-01	9.319440e-02	-3.101108e+00	6.462957e-01	-8.193462e-02	1.563660e+00	5.981283e-01	-1.023737e+00	-1.031484e+00	-1.240564e+00	6.541377e-01	9.501078e-01	1.172182e+00	3.417453e-01	8.447002e-01	-1.145568e-01	-5.592005e-01	-1.382884e+00	2.762067e-01	6.868924e-01	-7.589149e-01	-1.075184e+00	-5.448014e-02	-7.940163e-01	-4.740180e-01	-8.183998e-01	1.147454e+00	2.350405e+00	2.234819e-01	-9.205614e-02	6.440616e-01	-6.490166e-01	-1.188698e+00	2.882669e-01	4.773557e-01	-5.617803e-01	-2.478757e+00	-5.630203e-01	-1.808128e+00	-2.447240e+00	2.239773e+00	5.517828e-01	6.859843e-01	1.331101e+00	2.008813e+00	5.253534e-01	5.203120e-01	-7.501503e-01	2.320281e+00	4.096098e-01	-1.824826e+00	1.750860e-01	7.047992e-01	-2.216135e+00	-1.864593e+00	3.844879e-01	3.879820e-02	3.434029e+00	-6.994631e-01	-1.575389e+00	7.314129e-01	1.088901e+00	-1.510932e+00	7.290954e-01	-1.974940e+00	3.127106e-01	-1.102996e+00	-1.835793e+00	7.444950e-01	-1.204316e+00	-2.792932e-01	1.535432e+00	-6.780537e-01	-2.058384e+00	-5.432705e-01	-1.932978e+00	-3.059148e-01	1.399777e+00	-4.299935e-01	7.863526e-01	-1.038420e-01	-3.548460e-01	-1.147719e+00	-2.431533e+00	-3.004338e-01	-2.170686e+00	-2.618363e-01	-5.913384e-02	-1.310642e+00	-1.427604e+00	-1.962433e+00	-9.049935e-01	-3.055107e-01	-3.322511e-01	4.362275e-01	2.438149e+00	6.969340e-01	3.761156e-01	-1.345491e+00	-1.524299e+00	1.618741e+00	-4.330711e-01	-4.320130e-01	-4.927582e-01	2.553054e+00	1.894401e-01	-5.076236e-01	-6.258858e-01	-2.565401e+00	-1.460531e+00	-2.618952e-01	1.073640e+00	1.676154e+00	9.778567e-02	1.065796e+00	1.907060e+00	5.899251e-01	1.917033e+00	-5.525606e-01	-9.086460e-01	1.170679e+00	4.599433e-01	-9.268379e-01	1.493432e+00	-4.307563e+00	1.847581e-01	-8.376957e-01	4.297574e-01	4.219057e-01	-1.329444e+00	-1.436086e+00	5.041201e-01	2.183697e+00	1.410091e+00	4.708070e-01	2.916455e-01	3.011083e+00	9.508673e-01	-2.057089e-01	6.044601e-01	1.694108e+00	-4.589143e-01	2.770338e-01	-9.029749e-02	3.519529e-01	3.648699e-02	7.128671e-01	4.876616e-02	-5.194545e-01	-1.604269e+00	2.690895e-01	4.602975e-01	5.572599e-01	2.274800e-02	-1.200253e+00	-7.373274e-01	-1.037372e-01	1.518281e+00	4.888874e-01	3.046476e-01	-1.125485e+00	7.851543e-02	1.220759e+00	1.024877e+00	-6.385797e-01	-5.079288e-01	1.207984e+00	-9.545309e-01	-7.337160e-01	1.290436e+00	8.288886e-02	6.850502e-01	-1.245535e+00	1.311941e-01	-8.136058e-01	1.860872e+00	-5.484934e-01	6.259606e-01	1.545353e+00	-1.261284e+00	2.098765e+00	-5.042964e-01	-3.724874e-01	3.338929e-01	-2.784111e+00	-6.639004e-01	-5.169421e-01	2.199010e+00	-6.715629e-01	-1.388930e+00	-1.154587e+00	1.212588e+00	-5.363035e-01	-1.300991e+00	1.289675e+00	1.626267e+00	1.367363e+00	-4.067749e-01	-4.700883e-03	4.295749e-01	5.093772e-01	-8.461247e-01	1.936639e-01	-7.258182e-01	2.119946e+00	9.165908e-01	2.180783e+00	-1.071517e+00	8.890152e-01	5.024188e-01	1.150657e-01	3.439790e-01	-1.113572e+00	7.740561e-01	2.607838e+00	1.157757e-01	2.998997e+00	-7.578287e-01	6.621245e-01	-1.723111e+00	-1.122717e+00	-1.593623e-01	-4.775034e-01	-1.244617e-01	1.420618e+00	2.881075e+00	1.794708e+00	-3.193362e-01	-8.565506e-01	7.898700e-01	-3.724146e-01	-1.180029e+00	-1.370845e+00	-1.042284e+00	-1.059332e+00	-1.605334e+00	-6.248850e-01	-1.983949e+00	1.231908e-01	-7.041232e-01	7.563090e-01	4.080510e-01	6.354673e-01	2.301661e-01	-4.742568e-01	1.926761e-01	-7.360264e-01	-5.287588e-01	-7.507960e-01	-1.574049e+00	8.143705e-01	-3.868417e+00	-1.305644e+00	-1.576796e-01	1.024202e+00	-4.577528e-01	-6.294744e-01	1.212238e+00	-6.053268e-01	2.798451e-01	-1.532335e-01	2.059659e+00	-8.397827e-01	2.074252e+00	1.999170e+00	-3.669535e-01	3.999120e-01	-1.407158e+00	-2.499141e-01	8.428966e-01	-1.736020e-02	-7.239948e-01	-1.479371e+00	3.298063e+00	1.786062e+00	-1.285603e+00	-6.388872e-01	-3.891438e-01	-1.016616e+00	-1.045825e+00	2.719993e-01	2.209383e-01	-5.546182e-01	1.552314e-01	2.330113e+00	-5.066231e-02	1.276950e-02	2.384928e-01	-3.927556e-01	7.254874e-01	4.149466e-01	-8.506835e-02	-2.336555e+00	-3.232186e-01	6.344768e-01	2.299508e+00	-1.281910e+00	1.446147e-02	1.124758e+00	4.779819e-01	3.477068e-01	5.143165e-01	-9.023223e-01	1.635885e+00	-1.111343e+00	1.157349e-01	-6.308375e-01	-1.025500e-01	5.045103e-02	1.833936e-01	4.993738e-01	-1.185271e+00	-9.986693e-01	-4.621466e-01	5.271376e-02	-4.561047e-01	1.320022e+00	3.814768e-01	-3.086653e+00	-6.435975e-01	-9.421539e-02	-6.593562e-01	-3.176749e-01	-5.726212e-01	1.478501e+00	3.706222e+00	5.184689e-01	-3.898736e-01	-1.044552e+00	-1.514169e+00	-8.156048e-01	5.715857e-02	8.163689e-01	-1.152599e+00	2.612837e-01	-1.912762e+00	-1.313005e+00	-1.152221e+00	-2.527735e-01	-1.537239e-01	5.835496e-01	-6.192537e-02	-3.741775e-01	8.241450e-01	4.538548e-01	9.575441e-01	3.486190e-01	4.402857e-01	2.366384e+00	6.170368e-01	2.298972e+00	3.196463e-01	8.276855e-01	4.305321e-01	-9.909940e-01	2.025990e-01	-1.231464e+00	1.031182e+00	-2.985881e-01	-4.274099e-01	-8.481045e-02	-1.019608e+00	-2.031995e+00	2.438495e+00	-4.609990e-01	2.111842e-01	1.358308e+00	-2.977763e-01	1.228327e+00	-1.171781e+00	-8.454553e-01	-3.801976e-01	-1.034079e+00	1.847179e+00	-1.236634e-01	-4.003395e-01	6.554483e-01	-9.622798e-01	-1.002092e+00	-2.132601e+00	1.246017e+00	5.754372e-01	1.402943e+00	5.770586e-01	-5.654859e-01	1.306787e+00	-7.181733e-01	9.120784e-01	-1.878228e-01	-1.930161e-01	-1.702545e+00	-3.382595e-01	-4.998027e-02	-3.290141e-04	6.385158e-01	-8.928032e-01	-1.020072e+00	-9.211923e-01	1.210369e+00	1.033169e+00	-1.637765e-01	6.501593e-01	-9.458385e-01	-6.841736e-01	-1.453648e+00	-8.593078e-01	-1.050135e+00	-1.043035e+00	1.423494e-01	-1.447549e+00	-1.488886e+00	1.558546e+00	-4.045362e-01	7.436066e-01	7.768102e-01	-1.839709e+00	-1.383036e+00	-4.332606e-01	-1.866753e+00	6.906272e-01	-1.511585e+00	-7.072232e-01	4.516032e-01	-7.733534e-01	1.576679e+00	1.199344e+00	1.034665e+00	2.754802e-01	-2.591480e-02	5.178795e-01	-9.937094e-01	-9.697918e-01	4.804185e-01	-1.754822e+00	-2.225269e-01	1.639058e+00	1.235951e+00	-1.365015e+00	-2.758483e-01	7.941958e-01	-2.858354e-01	6.666662e-01	6.350397e-02	-4.720582e-01	-1.037349e+00	1.378795e+00	1.310578e+00	-1.779470e+00	9.853736e-01	5.014681e-01	-1.717836e+00	-9.187929e-01	3.233546e-01	7.870848e-01	-1.659597e+00	-5.387595e-01	-1.173889e-02	9.513832e+00	-1.347257e+00	-9.138647e-01	-6.332212e-01	9.758830e-01	1.067883e+00	-6.529085e-01	-9.250870e-01	-3.139862e-01	6.628762e-01	-8.389015e-01	-1.366670e+00	7.858402e-01	-2.664824e+00	9.183687e-02	1.146508e+00	6.505651e-03	1.886464e+00	-8.340243e-01	-1.211019e+00	3.358680e-01	-7.297643e-01	-5.543811e-01	1.668590e-01	2.469530e-01	-3.101776e+00	1.416688e+00	1.299932e+00	-1.862609e+00	-2.368600e+00	-1.910010e+00	6.156867e-01	-2.931571e+00	-3.306417e+00	-8.390200e-01	1.213345e+00	-3.545163e-02	
-1.180406e+00	3.164346e-01	-6.701601e-02	1.557888e-01	4.289749e-01	3.132002e-01	-1.459220e+00	4.433457e-01	-1.240613e+00	-7.594987e-01	-1.223058e+00	1.865622e+00	-5.501807e-01	-6.558125e-01	1.921005e-01	-1.883896e+00	7.438394e-01	-1.048360e+00	1.052594e+00	-1.899678e+00	-9.805859e-01	4.192050e-01	-1.326768e+00	5.496184e-01	-1.471502e+00	5.323998e-01	-6.921948e-01	-1.062849e+00	-9.842504e-01	-8.334320e-01	5.637876e-01	1.639951e+00	-1.985352e+00	4.494751e-01	-1.356986e-01	6.846237e-01	-1.276526e+00	-1.974361e+00	3.223512e-01	-1.087573e+00	-2.295874e+00	5.512610e-01	-7.286516e-01	1.050774e+00	7.702700e-01	-1.309460e+00	-9.837383e-01	1.146975e+00	-3.489406e-01	1.702134e+00	3.467476e-01	-2.638861e-02	1.457541e+00	9.055569e-01	5.795045e-01	1.220291e+00	5.275090e-01	-2.331689e+00	-7.590881e-01	-8.949829e-01	-3.713887e-01	-5.667828e-01	-2.747548e+00	-1.509341e+00	8.558062e-01	8.381499e-01	3.757879e-01	-7.699373e-01	5.668215e-01	5.524377e-01	-1.374578e+00	5.915823e-01	1.504434e+00	-1.312376e+00	4.712662e-01	7.709100e-01	-3.664527e-01	-5.897526e-01	-2.114011e+00	-1.186727e+00	8.820969e-01	1.857771e+00	-2.688556e-01	-1.177281e+00	-1.072330e-02	1.615404e+00	1.014982e+00	3.639119e-01	2.149979e+00	-1.239298e+00	-5.276829e-02	-6.425793e-01	1.694034e+00	-4.179551e-01	-3.171646e-01	2.669425e-02	1.175540e+00	1.200099e+00	-3.175572e-01	3.706738e-01	-6.950679e-01	-1.306906e+00	-6.304735e-01	-1.095082e+00	6.500307e-01	-9.439758e-01	4.380835e-01	-2.878925e-01	1.426779e+00	9.882711e-01	-2.089260e-01	2.096367e+00	1.818433e+00	-1.075147e+00	1.066767e+00	-6.000493e-01	-1.231848e+00	7.824869e-02	7.521978e-01	-1.285426e+00	-5.541240e-01	-1.158323e-01	5.826868e-01	-1.140120e+00	1.127726e+00	-1.151030e+00	1.627258e-01	1.629574e+00	-2.205366e+00	4.801134e-01	8.087026e-01	-9.324466e-01	8.825701e-01	-9.117421e-02	-1.154139e-01	9.168956e-02	3.796735e-02	-1.233758e+00	3.110739e-01	1.201441e+00	-2.506999e-01	-1.493684e-01	-2.080821e+00	1.029879e+00	-1.471386e+00	-2.217255e-01	-2.250957e+00	3.432835e-01	-1.382152e+00	-1.508232e+00	-1.340441e-01	6.591585e-01	1.739315e+00	-7.326649e-01	1.997793e+00	-9.691151e-01	1.195051e+00	-2.597193e-01	-1.231422e+00	6.633390e-01	-1.423480e+00	1.069543e+00	5.241990e+00	1.864517e-01	5.019940e-01	-4.860562e-01	-8.178142e-01	-5.907465e-01	-3.481977e-01	-4.068573e-01	-5.152184e-01	-1.648024e-01	-5.800099e-01	8.538297e-01	1.803922e+00	1.950734e+00	-7.119952e-01	5.826559e-02	1.461224e+00	-1.157768e+00	-1.088977e+00	-1.384755e-01	4.969151e-01	-1.128872e-01	-5.499430e-01	1.372859e+00	5.648425e-01	1.842635e+00	-2.283257e-01	2.426061e+00	-2.919223e+00	-1.554118e+00	-2.063366e+00	2.434350e+00	-1.038618e+00	-5.231853e+00	-8.584629e-01	-4.029493e-01	-1.874441e+00	4.493404e-01	1.804526e-01	-1.045788e+00	-4.087731e-01	1.060503e+00	1.764918e-01	1.744083e+00	-9.633745e-01	7.024642e-01	-3.095332e-01	1.659922e+00	-6.683764e-01	1.683321e-01	5.259135e+00	-1.759178e+00	1.417900e+00	-1.904747e-01	-4.504839e-02	-1.695191e+00	-7.880210e-01	-1.193535e+00	-1.637773e+00	1.976445e-01	-1.869082e+00	-3.693040e-01	1.299669e-01	-6.963824e-01	6.342456e-01	-7.237775e+01	3.651281e-01	1.405395e-02	-4.484458e-01	7.741608e-02	-1.145318e-01	4.099052e-01	-2.705655e+00	1.913197e+00	5.348068e-01	-1.741741e+00	-1.408810e+00	5.370725e-02	-1.285014e+00	2.080016e-01	-1.972279e-01	2.099101e-01	-9.883925e-01	-4.291272e-01	4.865257e-01	-9.233287e-01	-3.309260e-01	5.382273e-01	-2.029382e+00	6.492495e-01	-4.225309e-01	1.715914e-01	-7.288222e-01	-8.526472e-01	-1.167265e-01	-1.280742e+00	-2.119719e-01	-2.252060e-02	-4.820291e-01	-1.460071e-02	2.593790e-01	1.157163e+00	2.649725e+00	-1.248239e-01	2.657298e-01	-3.055731e-01	-3.258774e-01	1.298291e+00	-4.123572e-01	8.896405e-01	1.027417e+00	5.460638e-01	4.138542e-01	-2.900883e-01	-2.415152e+00	4.948658e-01	-5.381358e-01	1.845594e+00	1.026920e+00	-8.328987e-01	6.058438e-02	5.066110e-01	-1.771809e-01	4.456581e-01	5.335895e-01	6.146998e-01	5.449592e-01	-1.718722e-01	-6.076609e-01	-1.854964e+00	-2.875610e-01	2.291475e-01	-8.710117e-01	5.795621e-01	-5.730795e-01	-1.082906e+00	-8.258039e-01	-1.504542e+00	1.276858e+00	1.391633e+00	6.138076e-01	5.479979e-01	-6.618173e-01	-1.309106e+00	-2.923670e+00	-1.760696e+00	2.779605e-01	9.490798e-01	-1.343544e+00	-4.892287e-01	-2.323268e+00	-2.563290e+00	1.759480e+00	-2.827082e-01	-3.738974e-01	7.763942e-02	1.694837e+00	7.420079e-01	1.271109e-01	4.879332e-02	1.310269e+00	-1.500364e-01	-2.262961e+00	-7.313784e-01	6.103970e-01	-1.869773e+00	-1.213634e+00	7.244080e-01	4.805526e-01	3.249175e+00	-1.851610e-02	-1.787165e+00	9.232067e-01	5.658897e-01	-1.359630e+00	-8.204384e-01	-1.610190e+00	2.009967e-01	-1.030128e+00	-2.181424e+00	2.169013e-01	-1.392426e+00	4.556727e-01	1.079276e-01	-1.496159e-01	-1.151664e+00	2.390362e-02	-2.714528e+00	-3.877580e-01	6.684248e-01	-5.580992e-01	3.976739e-01	-3.904237e-01	-3.542081e-01	-8.485719e-01	-1.682745e+00	1.050021e+00	-1.852633e+00	-8.313447e-01	6.895578e-01	-5.632173e-01	1.051861e-01	-7.362319e-01	-4.649768e-01	3.138406e-01	-4.143780e-01	1.686568e+00	2.109689e+00	6.426078e-01	1.625227e-02	7.069578e-01	-8.369604e-01	1.305620e+00	-4.584172e-01	-4.269467e-01	-6.647004e-01	1.986040e+00	-1.702475e-01	6.931729e-01	4.146315e-01	-1.714157e+00	-1.740252e+00	8.968960e-01	3.028227e-01	2.178815e+00	-6.036597e-01	7.533588e-01	1.553568e+00	1.255117e+00	2.379280e+00	-5.784449e-01	-7.895679e-01	6.366929e-01	3.203508e-01	-5.113438e-01	1.678011e+00	-3.502373e+00	1.396292e-01	-1.459921e+00	-8.836259e-02	1.024836e+00	-9.646291e-01	-1.757928e+00	1.426488e+00	1.811685e+00	1.041536e+00	6.851252e-01	1.036058e+00	2.589268e+00	1.086474e+00	-7.076619e-01	1.217345e+00	2.030698e+00	9.206231e-02	3.187139e-01	-1.641716e-01	-4.648783e-01	-1.027363e+00	1.442782e+00	-5.473139e-01	-1.124061e+00	-1.508363e+00	5.517499e-02	4.727440e-01	5.726742e-01	5.564594e-01	-1.106535e+00	-1.188607e+00	-7.621187e-01	1.771555e+00	8.676487e-01	5.574691e-01	5.639078e-02	4.095558e-01	4.927661e-01	1.222585e-01	-1.114565e+00	-5.124937e-01	1.369940e+00	-2.608373e-01	-8.382251e-01	8.489646e-01	-6.963656e-01	4.278464e-01	-9.900964e-01	7.544563e-01	-1.452404e+00	1.537647e+00	-1.210432e+00	3.503367e-01	3.213137e-01	-1.488856e+00	2.817328e+00	7.303230e-02	-4.335505e-01	2.087642e-01	-1.691191e+00	5.819883e-02	-1.000165e+00	1.598862e+00	6.995442e-02	-1.139652e+00	-1.050891e+00	9.760389e-02	6.082084e-01	-2.050393e+00	3.952671e-01	1.540247e+00	7.787212e-01	-4.049697e-01	-8.139863e-01	2.408229e-01	1.377603e+00	-1.731730e+00	-2.586137e-01	-1.233880e+00	1.550547e+00	1.463056e+00	1.692406e+00	-3.200120e-01	1.252571e+00	-3.467194e-01	1.413588e+00	6.594240e-02	1.208732e-01	6.310804e-01	2.851665e+00	5.496620e-01	2.852973e+00	-6.250617e-01	1.033263e+00	-1.461251e+00	-1.549200e+00	1.006992e+00	-1.310025e-01	1.667885e+00	2.087304e+00	2.111330e+00	3.107576e+00	-1.265934e-01	-7.064148e-01	3.041290e-01	-1.871015e-01	-1.447511e+00	-2.036790e+00	3.724726e-01	-5.199325e-01	-2.136750e+00	-6.137716e-02	-9.928338e-01	-9.379376e-01	-1.079737e+00	-1.694838e-01	8.462453e-01	6.711653e-01	-1.115471e+00	-1.141658e+00	3.137003e-01	3.724696e-01	-1.166034e+00	-8.944397e-01	-1.646912e+00	5.875590e-01	-3.438112e+00	-3.811489e-01	-1.175408e+00	6.538185e-01	-3.226528e-01	-9.166847e-01	1.115623e+00	-9.493227e-01	7.118486e-01	1.146233e+00	2.307051e+00	-5.498326e-01	3.447412e-01	9.143362e-01	-8.799492e-01	1.186751e-01	-1.458093e+00	1.474728e+00	9.476819e-01	-1.012257e+00	4.193520e-03	-4.649789e-01	1.743500e+00	1.008006e+00	-1.474770e+00	-6.526765e-01	-1.127646e+00	-1.165609e+00	-1.457712e-01	6.198430e-01	3.851091e-01	4.861761e-01	-2.922551e-01	1.300148e+00	1.697427e-01	-4.402188e-01	7.234763e-01	1.194473e-01	-9.368270e-01	3.294777e-03	2.477147e-01	-1.022263e+00	-9.247373e-01	1.728611e-02	2.239938e+00	-1.117012e+00	5.420932e-01	5.181556e-01	-4.009082e-01	-4.679275e-01	3.523094e-01	-4.291424e-01	8.085779e-01	-7.603084e-01	7.646660e-01	-1.178154e-01	1.179428e+00	-8.864888e-01	1.931375e-01	2.391572e+00	-3.633019e-01	-1.311158e+00	-9.537359e-01	3.977560e-02	7.456891e-01	1.153261e+00	3.270173e-01	-2.200236e+00	-1.008493e+00	-8.388675e-01	-4.788757e-01	-7.299705e-02	-1.139156e+00	1.058118e+00	3.918299e+00	7.333275e-01	-9.130193e-01	-1.068122e-02	-3.017777e-01	-1.151389e+00	-2.333253e-02	1.541909e+00	-8.814788e-01	-1.166852e+00	-1.112129e+00	-1.043946e+00	-7.285675e-01	-2.154051e-01	-7.914877e-01	-7.789862e-01	5.556451e-01	-1.405228e+00	5.282677e-01	2.148908e-01	1.142540e+00	1.909371e-01	4.019740e-01	1.410147e+00	9.593266e-01	1.901609e+00	3.018202e-01	5.081781e-01	1.200748e+00	-2.934762e-01	8.707790e-01	-6.640904e-01	1.128377e+00	-4.145041e-01	-1.190264e+00	-5.541232e-01	1.906950e-01	-1.166683e+00	2.666423e+00	-5.864233e-01	1.509520e+00	2.645227e-02	5.494784e-01	1.500926e+00	-2.016973e-01	-4.207403e-01	6.758827e-01	-3.144357e-01	1.644000e+00	3.816584e-02	-5.561697e-01	1.280020e+00	-1.080250e+00	-1.264176e+00	-1.122449e+00	8.018251e-02	-1.944876e-01	2.572824e-01	-1.408486e-01	-3.446848e-01	1.864897e+00	2.399643e-01	9.023608e-01	-1.251712e+00	-3.109099e-01	-8.966994e-01	-2.650090e-01	3.392545e-01	-4.895232e-01	1.414782e+00	1.473692e-01	-3.691587e-01	-1.054779e-01	1.238244e+00	-1.869443e-02	9.874761e-01	1.351900e+00	-7.774779e-01	5.199474e-01	-1.769473e+00	-3.877529e-01	-8.274691e-01	-5.746384e-01	7.032032e-01	6.578810e-01	-1.813630e+00	1.571126e+00	7.672578e-02	3.369691e-01	-5.311841e-01	-7.377216e-01	-1.260041e+00	-4.587052e-01	-2.144663e+00	-5.608151e-01	-1.657827e+00	-5.140401e-01	5.524296e-01	-2.915210e-01	1.288780e+00	9.021875e-01	-2.476240e-01	6.734744e-01	-6.308500e-01	1.083309e-01	-2.247326e+00	-9.870244e-01	2.450578e-01	-2.647565e+00	-2.987476e-01	1.475016e+00	9.408997e-01	-1.859235e+00	3.585068e-02	8.310555e-01	-2.582526e-01	8.427408e-01	-5.705883e-02	-1.172628e+00	-1.560741e+00	1.045745e+00	1.319892e+00	-1.009079e+00	3.624200e-01	1.155636e+00	-7.383107e-01	-8.511227e-01	2.224923e-01	-3.387932e-01	-4.253705e-01	-9.287871e-01	3.613541e-01	7.152313e+00	-9.783548e-01	-1.152036e+00	-2.430116e-01	1.609304e+00	1.927356e+00	4.935157e-01	-1.004922e+00	-6.827120e-01	-1.821998e-01	-6.567127e-01	-1.795563e+00	7.145888e-01	-1.805441e+00	8.069690e-02	9.529178e-01	-1.052416e+00	5.522631e-02	-1.012313e+00	-1.574012e+00	4.371154e-01	1.363204e-01	-8.811458e-01	-6.433803e-01	-1.786925e-01	-2.447047e+00	1.254149e+00	4.969812e-01	-1.342863e+00	-1.872074e+00	-3.096727e+00	1.239740e+00	-1.634514e+00	-2.677061e+00	-5.826988e-01	4.027218e-01	-4.349087e-01	
-2.653826e-01	-1.193082e+00	-9.111437e-01	6.160897e-01	1.547698e+00	5.754849e-01	-2.623974e+00	1.039451e+00	1.628558e+00	-3.695322e-01	-3.154987e-01	1.965834e+00	-8.472676e-01	-8.088636e-01	5.315792e-01	-2.967135e+00	-7.174180e-01	-1.727094e+00	7.291982e-01	8.882749e-02	-3.426163e-01	9.381415e-01	1.026223e-01	2.957526e-01	-2.048624e+00	-8.367894e-01	-2.556779e+00	-9.440014e-01	-1.119827e+00	-6.704423e-02	1.055851e+00	2.366128e+00	-9.436579e-01	1.337140e+00	-3.106406e-01	1.674194e-01	-3.348447e+00	-6.766956e-01	1.385236e+00	-1.452777e+00	-1.229446e+00	-5.093176e-01	4.989741e-01	7.584372e-01	-1.312073e+00	-3.898343e-01	8.323376e-01	1.622376e-01	-2.430816e-02	-1.332061e+00	5.064332e-01	-7.733734e-01	2.055748e+00	1.061116e+00	1.606470e+00	1.269018e+00	7.368015e-01	-5.836229e-01	5.871815e-01	-5.725568e-01	1.088933e+00	-7.743273e-01	-3.495583e+00	-1.023836e+00	2.045120e+00	6.768323e-01	-7.091895e-02	4.176303e-01	1.057083e+00	-8.169401e-01	4.666775e-01	-3.324204e-01	1.549726e+00	-8.135493e-01	-1.239925e-01	4.527812e-01	6.980792e-01	8.301945e-01	-4.441075e+00	-1.913869e+00	6.189504e-01	4.280567e-01	-2.079055e-02	-3.994559e-01	1.083978e+00	2.343472e-01	1.313066e+00	6.618857e-01	1.090948e+00	-1.406999e-01	-4.806266e-01	9.991106e-01	3.016779e+00	1.455006e+00	-1.356104e+00	3.114459e-02	9.685411e-01	3.944383e-01	6.315938e-01	-3.373810e-01	1.449437e-01	-6.281425e-01	-1.107740e-02	-9.203848e-01	-1.613053e-01	-3.596857e-01	2.268803e+00	1.126231e+00	1.116944e+00	5.588813e-01	-3.284604e-02	1.127159e+00	-1.911567e-01	5.913690e-01	5.062372e-01	1.536718e-01	-1.708907e-01	1.603090e+00	-5.183618e-01	-1.550724e+00	-1.028191e+00	-2.944793e-02	1.001670e+00	-6.190086e-01	-2.918615e+00	2.393064e+00	-1.795551e+00	-8.908666e-01	-4.295337e+00	8.126621e-01	4.739707e-01	2.389583e+00	1.150354e+00	-1.706984e-01	-2.415014e-01	7.660208e-01	1.495702e+00	3.200229e-01	9.510496e-01	-2.190227e+00	9.261613e-01	-1.973203e-02	-1.782045e+00	1.345747e+00	-1.606889e+00	-1.307176e-01	3.454372e-01	1.847908e+00	-2.446635e+00	-3.037609e+00	3.034182e-01	6.676226e-02	2.814079e+00	5.229644e-01	-8.540330e-03	9.252286e-03	2.207834e+00	-1.724465e-01	-1.832710e+00	2.480503e+00	8.066761e-01	7.932258e-01	3.840016e+00	-2.800052e-01	1.542376e+00	-5.842972e-01	6.727918e-01	-1.499180e-01	7.629656e-01	-4.484490e-01	-2.213330e-01	2.759705e-01	-1.256628e+00	1.445446e+00	1.794507e+00	1.822577e+00	-6.801095e-01	1.619079e+00	-9.121392e-01	-3.339072e+00	-1.189802e+00	-1.204236e+00	4.796623e-01	4.911904e-01	1.122288e+00	1.433859e+00	7.258272e-01	-8.520266e-02	4.237346e-01	-9.153526e-01	-2.256820e+00	7.221024e-01	-2.478217e+00	3.066007e+00	-3.342667e+00	-4.882887e+00	-1.355161e+00	-1.102932e+00	-1.477440e+00	-6.497210e-01	-8.428593e-01	2.343380e+00	8.704922e-01	1.620304e+00	-2.999660e+00	1.704720e+00	-1.134476e+00	1.411344e+00	2.220259e+00	3.131367e+00	1.763565e+00	9.360548e-01	4.411488e+00	-1.117239e+00	3.985684e-01	-1.446347e+00	-6.778173e-01	-9.104729e-01	2.599720e-01	-1.229828e+00	2.674193e-01	1.602614e+00	6.110432e-01	-5.334852e-01	9.412128e-01	-3.270282e-01	-7.356279e-01	-7.208908e+01	3.912568e-01	-1.457322e+00	-3.826421e+00	-3.572313e-01	-1.259268e+00	-6.424119e-01	-5.452124e+00	2.793929e+00	1.443326e+00	-5.860739e-02	-3.338121e-01	-1.057712e+00	2.239384e-01	-8.463718e-01	7.174025e-01	-9.141238e-01	-9.986899e-01	-2.675723e-01	1.047809e+00	-9.084035e-01	-1.080938e+00	-3.027025e-01	-2.243047e+00	2.240410e+00	9.665446e-01	9.722566e-01	-1.770584e+00	-2.282006e+00	-1.261483e-01	1.099427e+00	-2.673401e-01	-4.491841e-01	-1.182338e-01	-4.400571e-01	5.107684e-01	1.395154e+00	3.487927e+00	-2.741008e+00	1.528339e+00	8.553886e-01	-8.717678e-01	-2.134120e-01	-9.667569e-01	1.014309e+00	2.281121e-01	-9.217449e-02	-1.676220e+00	-3.651809e-01	-1.485012e+00	1.509248e-01	8.312520e-01	1.018401e+00	-6.019910e-01	5.812810e-01	-6.464593e-01	-6.028397e-01	-5.229350e-01	8.788970e-01	-7.694876e-01	6.239104e-01	5.597154e-02	-1.499017e+00	-1.227234e+00	-1.097757e+00	-8.108053e-01	1.478328e+00	-4.835297e-01	-1.496685e+00	9.629115e-01	-2.860561e+00	-1.691623e+00	-1.135211e+00	1.400485e+00	1.087309e+00	1.283331e+00	2.617602e+00	-8.129774e-01	-2.434978e-01	-7.706986e-01	-1.678475e+00	6.486237e-01	1.258454e+00	-1.425593e-01	1.164468e+00	-3.091040e+00	-1.058167e+00	2.825583e+00	-1.256810e+00	1.580641e+00	-4.772370e-01	1.605196e+00	1.008096e+00	8.420789e-01	-5.093613e-01	2.900072e+00	1.002320e+00	-3.475505e+00	-9.859245e-02	2.914626e-01	-1.527405e+00	-1.200899e+00	2.315819e-01	-8.708894e-01	1.486861e+00	5.748330e-01	-1.838224e+00	1.338862e+00	1.298610e+00	4.851456e-01	-1.207386e+00	3.294379e-01	1.670910e-02	-1.927466e+00	-2.478099e+00	1.630759e+00	-1.059048e+00	-1.009438e+00	-9.849655e-01	-6.980882e-01	-2.794824e-01	-1.164868e+00	-9.230762e-01	-1.338901e+00	1.308429e+00	-2.070775e+00	2.775507e+00	5.408495e-01	-1.921151e+00	4.956193e-01	-2.193966e+00	2.606684e-01	-3.143286e+00	-1.091712e+00	1.345592e-02	-9.134829e-01	-1.341790e+00	-1.353085e+00	-2.095167e+00	-1.670619e+00	7.120138e-01	7.077256e-01	2.390556e+00	6.458752e-01	-9.250242e-02	-1.257542e+00	-9.647418e-01	-3.611928e-01	6.135893e-01	-5.728853e-01	-1.079943e+00	1.106255e+00	1.069876e+00	-2.361413e+00	-1.528180e+00	-4.634592e-01	3.940809e-01	-3.448472e-01	4.718913e-01	1.217377e-01	8.772227e-02	-2.750776e-01	1.569210e+00	-2.078158e-02	1.986264e+00	-1.389524e+00	-2.858590e+00	3.596618e-01	-8.036073e-02	-1.667357e+00	-6.118430e-01	-3.183993e+00	-3.666021e-01	1.996005e-01	7.525113e-01	5.028168e-01	-2.862196e+00	-9.462027e-01	2.202961e+00	1.590204e+00	3.730907e-01	-2.759402e-01	6.670674e-01	3.027249e+00	-1.340159e-01	1.118639e-01	1.686560e+00	1.540154e+00	-1.033820e+00	9.373441e-02	8.130496e-01	-2.309004e-01	1.632640e-01	-2.084438e-01	5.175759e-02	-6.326320e-01	-1.877424e+00	1.142645e+00	1.475829e+00	1.441127e+00	1.750756e-01	-3.576306e-01	-6.802707e-01	-1.112255e+00	8.596306e-01	-1.616796e+00	1.228320e+00	-4.266059e-01	1.089300e+00	2.264074e+00	9.899330e-01	-4.665653e-01	-3.236524e-01	4.570709e-01	-2.886399e-01	-1.906409e-01	8.708811e-01	7.401313e-01	2.669397e+00	-2.232786e+00	2.100363e+00	-1.056809e+00	1.657399e+00	3.927984e-01	3.181728e+00	7.417850e-01	-4.695025e-01	-6.465316e-01	-3.487328e-01	1.019823e+00	2.357233e+00	-1.434219e+00	2.843113e-02	-2.108521e+00	3.645041e-01	-2.338161e-01	-5.782796e-01	-4.438897e-01	1.724860e+00	-1.079737e+00	-1.960859e+00	1.358440e+00	1.781243e+00	1.384021e+00	-1.643222e+00	-7.444326e-01	2.904717e-01	1.391312e+00	-7.365776e-01	2.469618e-02	1.096487e-01	1.625147e+00	-5.623724e-01	-6.507906e-01	-5.937693e-01	1.017050e+00	4.497460e-01	2.307812e-01	4.382924e-01	-3.214254e+00	1.100032e+00	3.460990e+00	1.075951e+00	2.858898e+00	5.634320e-01	-3.272424e-01	-1.521464e+00	-7.550104e-01	-3.589500e-01	-6.375905e-01	-8.623243e-01	1.127025e+00	1.136936e-01	2.095410e-01	-5.028697e-01	-2.147866e-01	2.138645e-01	-2.699832e-02	-9.010937e-01	-1.809777e+00	3.908063e-01	-1.356915e+00	-6.218464e-01	-4.124658e-01	-1.529554e+00	-1.387479e-01	4.196216e-01	-1.994816e-01	5.040973e-01	3.100645e-01	-3.177264e-01	1.213938e+00	-1.543131e+00	-1.146070e+00	2.035954e-02	-2.167786e-01	-1.278696e+00	1.645196e+00	-3.684785e+00	3.679692e-01	-1.777847e-01	-1.035530e+00	-9.499540e-01	-6.728430e-01	1.540043e-01	9.644666e-02	-1.000455e+00	-5.074633e-01	1.225595e-01	-5.533397e-01	3.203235e+00	9.847019e-01	-2.539277e-01	-1.008285e-01	-7.542404e-01	9.293833e-02	2.321923e+00	-5.831903e-01	-1.062791e+00	-1.787712e+00	3.409607e+00	2.385724e+00	-6.678869e-02	-2.455617e+00	-2.469500e-01	-1.209103e+00	6.315007e-01	4.891335e-01	-1.974397e-01	-4.782314e-01	-7.994341e-01	1.805022e+00	-6.983026e-01	-1.851455e+00	-6.318355e-01	-1.381181e+00	5.254996e-01	7.005521e-03	-6.936410e-01	-7.960919e-01	-4.601705e-01	1.070911e+00	1.121388e+00	-4.874828e-01	1.174072e+00	1.201799e+00	6.143801e-01	9.523937e-01	-2.525621e-01	-3.546537e-01	1.096444e+00	4.375056e-01	1.422580e+00	-2.423759e+00	-6.257443e-01	3.639852e-01	-6.597617e-01	9.346684e-01	-9.545435e-01	-1.890473e-01	-1.702383e+00	6.114015e-01	-5.288436e-01	1.927709e-02	-5.044722e-01	-2.009261e+00	-1.761801e+00	-4.400758e-01	-2.662172e+00	5.867539e-01	-6.445558e-01	8.280602e-01	1.636598e+00	1.014965e-01	-2.541062e+00	-6.848774e-01	-1.439314e+00	-3.320323e-01	1.159120e+00	2.466942e+00	-1.494176e+00	-6.338003e-01	-1.782635e+00	-1.788815e+00	-2.623354e-01	1.316240e-01	-1.829793e+00	4.983350e-01	4.990090e-01	1.675215e+00	-4.703338e-01	6.762022e-01	1.062920e+00	-1.255981e+00	-3.591973e-01	2.719993e+00	-7.692575e-01	1.532845e-01	6.266832e-02	6.167786e-01	1.020452e+00	-1.453558e+00	2.256989e-01	9.040642e-01	3.108723e-01	-5.060816e-01	8.755903e-01	4.423076e-01	-1.447158e+00	-2.671652e+00	1.011132e+00	-1.802476e-01	3.341300e-01	-1.193333e-01	-9.732932e-01	2.235892e+00	-2.146414e+00	5.583364e-01	-2.194465e+00	-5.048300e-02	2.578055e+00	-7.176390e-01	8.023797e-01	4.685729e-01	-1.728951e+00	-1.467571e-01	-1.280323e+00	1.099096e+00	-1.630037e-01	1.634676e+00	2.032495e-01	-1.227157e+00	1.673989e+00	5.031321e-01	3.445255e+00	2.772234e-03	-6.271114e-01	-1.864082e+00	1.031367e-01	-7.030750e-01	5.210425e-01	1.449284e+00	6.154895e-01	2.224406e-02	1.529829e-01	1.899642e+00	-2.025766e-01	7.968927e-01	1.490927e+00	-2.211687e+00	2.225634e-01	-2.312818e-01	-1.199255e+00	1.499557e-01	-1.050446e+00	-2.903015e-02	-7.025799e-02	-1.264761e+00	1.612420e-01	-1.862015e+00	-2.937869e-01	5.214709e-01	-4.135367e-01	-2.150193e+00	-1.627918e+00	1.073585e+00	1.175707e+00	-3.937806e-01	-1.195937e-01	-8.988854e-01	5.388995e-01	2.529912e+00	-1.031121e+00	-6.424609e-01	2.552753e-01	2.222793e-02	8.123486e-01	-1.565040e+00	-5.753065e-01	-3.820267e-01	-1.282471e+00	-5.597989e-01	4.994573e-01	1.131913e+00	-2.066734e+00	8.874004e-01	-3.257523e-01	-7.677543e-01	1.864497e+00	-7.888343e-01	2.673930e-01	-3.373279e+00	6.232523e-01	-9.239641e-01	-1.687202e-01	1.504194e+00	8.956420e-02	5.483690e-01	-5.768953e-01	-2.603592e-01	7.586309e-01	-2.253907e-01	-1.804608e+00	1.048981e+00	6.961760e+00	-1.337858e+00	-8.717327e-03	9.822838e-01	2.360489e+00	6.887637e-01	9.822992e-01	-5.980115e-01	-7.028946e-01	9.674776e-01	-7.354940e-01	-1.618499e+00	-3.556373e-01	-2.448733e+00	-6.031101e-01	2.668704e-01	9.825538e-01	1.795000e+00	-4.791477e-01	-2.336134e-01	5.230142e-01	-2.374738e-01	-2.012095e+00	-4.581272e-01	-1.256809e-02	-9.604739e-02	1.086605e+00	2.371973e+00	-4.233412e-01	-2.379504e+00	-1.790085e+00	-3.487103e-01	-3.293562e+00	-2.923158e+00	-7.155824e-01	8.040102e-01	1.427009e+00	
