-6.732552e-02	-2.740696e-01	6.809580e-01	-2.704455e-02	4.430270e-01	4.186706e-01	-4.936758e-01	1.060688e-01	-1.435295e-01	1.237717e-01	-1.284598e-01	5.639051e-01	3.219043e-01	1.253676e-01	-2.211532e-02	-3.078544e-01	7.097749e-01	-3.241216e-01	-2.347528e-01	-3.272650e-02	-3.165030e-01	-6.339548e-02	-6.573880e-02	-8.207204e-02	-6.353706e-02	5.773405e-01	-4.405754e-01	-3.909256e-01	-3.225809e-01	-4.605143e-01	5.278538e-02	2.267784e-01	-2.168225e-01	6.032082e-01	-4.368608e-02	-1.058511e-01	1.613733e-01	2.800961e-01	4.030126e-01	-3.957683e-01	-3.185339e-01	1.491351e-01	-1.632668e-01	-1.192923e-01	1.981118e-01	-5.910044e-01	2.798095e-01	3.159877e-02	-1.242857e-01	6.193743e-01	-2.187030e-01	6.475791e-02	-2.639477e-01	3.030933e-01	-2.032891e-01	3.052546e-01	-2.639236e-02	5.880442e-02	-7.473511e-02	-2.134120e-01	-5.494497e-02	2.265839e-01	-4.231931e-01	-1.136804e-01	-7.767034e-02	1.078779e-01	-1.108486e-01	1.075088e-01	2.136315e-01	7.287478e-01	-2.956419e-01	-1.524062e-01	9.122130e-02	-4.556347e-03	-3.968410e-01	8.389097e-01	3.568757e-01	-6.818844e-02	-1.017236e+00	-6.003522e-01	7.305158e-01	5.713412e-01	-9.653071e-02	1.520733e-01	-9.622097e-02	3.416009e-01	5.453411e-01	-5.018339e-02	6.225714e-01	-4.631357e-01	2.293006e-01	-2.147696e-01	1.043202e+00	1.589050e-01	-4.436618e-01	8.507981e-01	2.258199e-01	2.859003e-01	7.889324e-02	9.944496e-02	-3.967234e-01	-1.105117e-01	6.585233e-01	-1.169390e-01	5.957983e-01	-3.908496e-01	8.669872e-02	-2.103447e-01	1.591085e-02	5.726808e-01	-6.190582e-02	1.072078e-01	2.452390e-01	-1.984649e-01	3.757726e-01	-5.865695e-01	-1.314741e-01	5.214499e-01	5.703391e-01	-4.951612e-01	4.317052e-02	-8.034769e-02	-4.434930e-01	2.715589e-01	-1.608848e-01	-2.010703e-01	3.880132e-02	1.215260e-01	-1.342698e-01	1.013618e-01	-1.803131e-01	-2.142747e-01	1.623887e-01	3.032682e-01	5.389751e-01	-2.711660e-02	2.681755e-01	-4.564817e-01	-1.270943e-01	8.744655e-01	5.174529e-03	3.487189e-01	-2.137782e-02	-1.724265e-01	-3.671265e-01	2.532700e-01	-4.042990e-01	2.494140e-01	-2.862859e-01	-1.959656e-01	-8.904681e-02	6.098523e-01	4.636406e-01	2.299281e-01	-4.837049e-02	-1.104732e-01	6.528563e-01	1.673858e-01	-2.205116e-01	-5.040315e-02	-2.275945e-02	3.327256e-01	-4.355502e-01	5.574512e-02	-1.238678e-02	-1.131724e-01	-4.477280e-02	-3.132730e-01	-2.507805e-01	2.988792e-01	-4.444855e-02	3.672344e-01	-4.685603e-01	1.237225e-01	6.190602e-01	4.799532e-01	9.991564e-02	2.353193e-01	-1.379507e-01	-4.073113e-01	-6.378168e-01	3.469939e-01	-1.412514e-01	4.312558e-02	-2.148913e-01	1.463817e-01	1.616977e-01	-1.144772e-02	6.602621e-02	3.458523e-01	-4.218138e-02	-4.844653e-02	-3.678027e-01	4.145739e-01	-2.080767e-03	7.453080e-01	-4.473967e-01	3.239128e-01	-1.544334e-01	1.123159e-01	-6.467386e-01	-1.032628e-01	2.176488e-01	1.092525e-01	-1.471946e-01	5.717161e-01	7.568393e-02	4.625592e-02	1.416912e-01	7.782398e-01	-2.686304e-01	-2.539721e-01	4.705906e-01	-2.494811e-02	4.510337e-01	4.461677e-01	1.874808e-01	-1.599050e-01	-6.772883e-02	4.968895e-01	2.391368e-01	5.321610e-02	-4.046281e-01	-3.891670e-01	-1.889212e-01	-3.018045e-01	1.499109e-01	2.637079e-01	-2.101264e-01	-2.414695e-01	-5.361516e-01	-1.684479e-01	-1.623616e-01	2.878837e-01	-1.225572e-01	1.788308e-01	4.267899e-01	-1.925333e-01	-2.067661e-01	5.627676e-02	-1.941750e-01	2.177435e-01	-4.477848e-02	-1.390491e-01	9.205942e-02	-9.710468e-02	-1.340041e-01	-2.861620e-01	9.059343e-02	-8.696925e-02	-4.729108e-01	3.914250e-01	-4.518634e-02	-4.015644e-01	-2.236298e-01	-1.082452e-01	4.805705e-02	-8.813357e-02	1.518254e-01	-3.268170e-01	3.180400e-01	-9.000041e-01	-8.675683e-02	3.373324e-01	3.794659e-01	5.093654e-01	-1.191378e-02	2.337986e-01	-2.192762e-01	1.942555e-01	-2.102162e-01	3.788565e-01	4.210493e-01	-7.909361e-02	2.043531e-01	6.822285e-02	6.115279e-02	-1.793299e-01	-1.986722e-01	8.553598e-02	6.523879e-02	-2.243746e-01	-2.836131e-01	1.385532e-01	-4.416555e-01	1.174958e-03	3.874012e-01	-5.349740e-02	4.745384e-01	-3.224214e-01	-4.396994e-02	-4.770111e-01	4.257567e-01	4.055815e-01	2.305540e-01	-3.881131e-01	-4.782849e-01	-1.402103e-01	-4.938197e-02	-1.450340e-01	2.797699e-01	4.002865e-01	-3.238144e-01	1.885626e-01	-4.188606e-01	4.605101e-02	-5.354583e-01	-4.979169e-01	6.998181e-01	5.112430e-02	-6.245841e-01	2.910206e-01	-5.953875e-01	2.482736e-01	4.982926e-01	1.671918e-01	3.473942e-01	-1.188513e-01	-3.881858e-01	9.137981e-02	-1.030012e-01	3.095623e-01	4.855667e-01	-2.011634e-02	-3.564899e-01	-8.560320e-02	2.034201e-01	-6.117402e-01	-5.088744e-02	8.587522e-02	-3.753927e-01	1.297792e+00	-7.118325e-02	-4.520303e-01	1.691390e-03	-1.275800e-01	-7.424179e-02	2.395336e-01	-7.315597e-01	-3.344789e-01	-1.630284e-01	-4.577855e-01	1.262033e+00	-4.671778e-01	2.672831e-01	3.912394e-02	-1.757813e-01	1.108055e+00	-9.798755e-02	-6.690384e-01	5.567222e-02	2.063117e-01	1.979627e-01	8.260991e-04	-2.240808e-01	4.207396e-01	-7.692284e-01	5.970525e-02	2.509236e-01	-2.556294e-01	1.319160e-02	1.865776e-01	1.403467e-01	-3.220246e-01	-7.096652e-01	3.164495e-01	3.656067e-01	-4.639092e-02	1.335054e-01	6.032459e-01	3.221799e-01	6.055480e-01	-1.813114e-01	-7.871495e-01	4.388311e-01	-3.800809e-02	-2.590998e-01	-6.537114e-01	1.007438e+00	-3.192326e-02	-4.746783e-02	6.413478e-02	-1.788214e-01	-1.995191e-01	7.350143e-02	2.227988e-01	4.290475e-01	-8.508933e-02	2.588842e-01	2.345337e-01	5.770631e-02	3.567775e-01	-3.016667e-01	-1.397678e-01	-9.233030e-02	5.876179e-01	3.006008e-01	-1.225349e-01	-6.770735e-01	-9.444524e-02	2.040301e-01	2.559566e-02	-1.998452e-02	2.647150e-01	-3.836106e-01	6.967472e-01	4.840121e-01	-2.166130e-02	2.002304e-01	2.199423e-02	1.448434e-01	6.741763e-01	-1.824549e-01	5.228264e-01	2.207994e-01	3.043060e-01	-1.321602e+00	2.250987e-01	3.424938e-02	2.402148e-01	1.605061e-01	-9.919755e-02	1.108167e-01	-1.627001e+00	-1.900260e-02	-1.534071e-01	-8.090562e-02	-1.292972e-01	-4.605710e-01	-2.340001e-01	-2.046179e-01	-1.492139e-01	-4.237232e-02	-1.882724e-01	-7.868566e-02	-2.771163e-02	1.317513e-01	-1.503477e-01	-3.190644e-01	-3.833578e-01	3.398923e-01	-1.856849e-01	-1.056021e-01	1.015145e-01	-4.152812e-02	-9.831874e-02	-4.407124e-01	-3.076388e-01	-1.182834e-01	6.398811e-01	-8.601178e-02	-2.547024e-01	1.536964e-01	-1.481343e-01	-3.072254e-02	-1.944255e-01	-4.829693e-01	1.371586e-01	-8.375078e-02	-7.345352e-01	-2.041053e-01	1.441108e-01	2.621341e-01	-2.599470e-01	-1.199513e-01	-6.864456e-01	-1.469646e-01	-1.761376e-01	4.483953e-01	2.467154e-01	-4.114130e-01	5.898578e-02	-6.990282e-02	-1.759218e-01	8.453201e-02	-3.899432e-01	1.384653e-01	-4.534406e-01	3.113658e-01	1.641417e-01	7.711961e-02	3.028674e-02	1.170134e+00	-2.383937e-01	-3.406166e-01	1.596138e-01	1.618655e-01	-3.592002e-02	2.430246e-01	1.013769e-01	3.403792e-01	-1.946263e-01	-3.770631e-01	-8.450112e-01	4.676576e-02	1.690909e-01	-1.215926e-01	-5.101618e-01	3.286852e-01	6.063639e-01	2.459667e-01	6.471000e-01	-7.951691e-02	1.628313e-02	-3.254724e-01	-3.653761e-01	-1.432379e-01	2.306867e-01	-2.191197e-01	-3.377236e-01	-2.900030e-01	-9.794436e-01	-4.304843e-01	-8.705934e-02	-1.037949e-01	3.854931e-01	1.762709e-01	-5.689297e-01	-1.281434e-01	2.069016e-01	-1.017685e-01	4.796739e-02	1.300780e-01	-2.387005e-01	1.106725e-01	-8.222310e-01	-2.830285e-01	-2.141270e-04	1.994631e-01	-2.089857e-01	-1.852264e-01	2.284788e-01	-4.039576e-01	2.826703e-01	3.385836e-01	1.164345e+00	-1.493731e-02	4.209068e-01	1.579266e-01	2.887049e-01	-4.074467e-03	-1.024038e-01	5.216065e-02	3.796546e-01	-3.078608e-02	1.090207e-01	-4.466199e-02	4.847745e-01	-1.315982e-01	-1.139483e-01	-1.132511e-01	-4.215495e-01	2.721917e-01	-9.605925e-02	-1.022531e-01	1.135568e-01	-7.456992e-02	-3.511131e-01	4.444106e-01	-7.724510e-02	-3.427761e-01	-2.610105e-01	2.767318e-01	-1.519197e-02	1.678921e-01	4.095489e-01	-4.315586e-01	-1.137230e-01	1.820213e-01	2.082621e-01	-2.183366e-02	6.658372e-01	-3.976684e-02	5.052758e-01	1.293585e-01	4.293996e-01	-1.707635e-01	-8.935142e-02	1.003819e-01	1.364487e-01	-1.920975e-01	-3.851556e-01	-1.284084e-01	8.118193e-02	2.685699e-01	1.305331e-01	1.309203e-02	4.610677e-01	-2.136113e-02	-1.993573e-01	3.867722e-01	2.220886e-01	-8.329716e-01	-2.313660e-01	9.623406e-02	5.583669e-02	1.799648e-01	-2.521052e-01	3.125117e-01	2.559434e-01	3.222981e-01	-1.760880e-01	-2.613007e-01	-4.833945e-01	-7.013657e-01	8.608464e-02	1.944367e-01	-3.380398e-01	-4.756775e-01	-4.193777e-01	1.263960e-01	-2.507197e-01	5.178881e-03	-2.177023e-01	8.259028e-02	-3.694191e-01	-2.335686e-02	2.701246e-01	1.762902e-01	5.280669e-01	2.303324e-01	-1.400871e-01	6.311914e-01	-4.028839e-02	4.487859e-01	-9.629103e-02	8.121917e-03	1.565191e-01	-1.045352e-01	-4.575232e-02	-1.877711e-01	3.146742e-01	-1.006881e-02	-2.087737e-01	-7.094400e-02	3.116428e-01	-5.505883e-01	3.942184e-01	-3.516504e-01	3.869387e-01	-1.975493e-01	1.214367e-01	8.014592e-02	-9.601212e-02	-2.753749e-01	2.297810e-01	-4.480980e-01	7.040079e-01	-1.278827e-01	-6.052995e-02	8.480583e-01	-3.398448e-01	1.718445e-01	-1.637966e-01	-1.174665e-01	4.182993e-01	1.667647e-01	2.231891e-02	-5.360669e-01	2.137983e-01	9.822966e-03	6.853907e-01	1.214436e-01	-2.864657e-01	-3.789321e-01	1.575541e-01	-3.568155e-01	-2.316337e-01	5.091662e-01	1.756615e-01	-1.760891e-01	2.997644e-01	2.549785e-01	1.808617e-01	5.260222e-02	2.416321e-02	-4.555803e-02	2.958727e-02	-8.225631e-02	5.548595e-02	-1.834063e-01	-1.027786e-01	2.122735e-01	-7.067706e-04	-2.232203e-01	2.104077e-01	-2.124378e-03	-2.319961e-01	-3.026567e-01	-3.266333e-02	-1.141917e-01	6.643603e-02	-6.811377e-02	-2.673369e-02	-7.608030e-01	-1.064531e-01	1.903619e-01	8.671339e-02	8.093495e-01	-7.087616e-02	2.737693e-01	-7.029111e-01	2.555094e-02	-4.463184e-01	-8.068687e-01	-3.746903e-01	-5.003260e-01	-3.582446e-01	-1.725669e-01	4.823290e-01	6.990588e-01	-1.776598e-01	-1.072226e-02	-4.735047e-01	1.370825e-01	4.930983e-02	-1.245389e-01	-5.211751e-01	-1.769927e-01	2.367617e-01	1.122979e-01	-1.654691e-01	-7.413158e-01	-8.282125e-02	1.976715e-02	-2.922641e-02	-7.826318e-02	4.267412e-01	-9.405323e-02	-2.029771e-01	4.520848e-03	-1.979081e+00	-1.677117e-01	-2.557864e-01	1.853646e-01	-3.235099e-01	-1.387321e-03	6.678919e-01	-2.323660e-01	-9.569674e-02	2.599339e-01	-6.400623e-01	-1.987116e-01	-1.548203e-01	-2.123228e-01	1.646575e-01	3.979096e-01	-2.712736e-02	3.986928e-01	-3.912280e-01	-4.988686e-01	1.260917e-01	-1.980531e-01	8.227611e-02	1.222413e-01	1.252782e-01	-6.347228e-01	5.114284e-01	-6.132757e-02	2.772366e-01	-4.172944e-01	-8.192395e-01	-9.187988e-02	-4.699035e-01	-1.455767e-01	1.212597e-01	8.052498e-02	-4.865274e-02	
1.465595e-01	-3.399115e-01	6.547615e-01	-9.921052e-02	1.743668e-01	6.611362e-01	-1.592683e-01	-1.586493e-02	1.303746e-01	1.273518e-01	1.090462e-01	5.614995e-01	-2.559970e-02	7.610472e-02	2.052783e-01	-3.347767e-01	7.059075e-01	-5.532102e-01	-2.114945e-01	-5.346860e-02	-2.017178e-01	-1.607058e-02	1.531939e-01	1.471221e-01	-4.305925e-02	6.836421e-01	-2.554206e-01	-2.591968e-01	-1.972045e-01	-4.274313e-01	2.242599e-01	4.312731e-01	-2.631658e-01	3.287980e-01	-2.024869e-02	9.246425e-02	-6.751359e-02	3.553421e-02	4.051122e-01	8.495221e-03	-2.742763e-01	4.609530e-01	-8.157586e-02	-5.791911e-02	7.206298e-02	-3.704225e-01	2.907453e-01	1.684995e-01	-3.540154e-01	7.825263e-01	9.573783e-02	-8.987966e-02	9.814796e-02	1.915426e-01	-3.310272e-01	-1.640860e-01	8.663965e-03	1.539370e-01	-8.601382e-02	-1.593895e-01	-1.186809e-01	9.912228e-02	-5.226443e-01	-2.841702e-01	-4.409159e-02	3.511871e-01	1.682717e-02	1.511876e-01	3.117365e-01	5.586854e-01	-3.232734e-01	-1.258319e-01	1.836481e-01	1.012493e-01	-7.109565e-02	6.594046e-01	2.800528e-01	2.015342e-02	-7.102555e-01	-4.926710e-01	5.787754e-01	2.231753e-01	7.777580e-02	-1.262881e-02	-1.705131e-01	5.646800e-01	3.835930e-01	8.578570e-02	9.008479e-01	-7.950238e-01	5.459310e-02	9.968992e-02	9.865021e-01	3.207543e-01	-1.119805e-01	6.813345e-01	1.674624e-01	2.150750e-01	2.516777e-01	5.382284e-02	-4.759286e-01	-7.858375e-02	4.861827e-01	-1.191760e-01	4.082177e-01	-1.455922e-01	2.620032e-01	-6.296918e-02	-1.385537e-01	5.008799e-01	1.817339e-01	2.362970e-02	1.762158e-01	-4.217441e-01	3.982987e-01	-3.561566e-01	-4.217156e-01	2.129316e-01	5.580535e-01	-2.334914e-01	-2.124881e-01	1.835920e-01	-5.955869e-02	2.638899e-01	-3.266285e-02	-3.468588e-01	2.645813e-02	4.604692e-02	-6.873984e-02	4.242058e-01	-2.924331e-01	-1.715697e-01	1.885725e-01	1.604226e-01	4.726648e-01	-1.608912e-01	2.048363e-01	1.572343e-02	-1.878202e-01	8.899599e-01	4.417057e-02	1.857407e-01	-3.909857e-01	-1.504274e-01	-1.553937e-01	4.510781e-02	-4.580801e-01	7.642034e-02	-3.241262e-01	-3.862955e-01	-1.451608e-01	4.818145e-01	4.919784e-01	1.839420e-01	-3.935533e-01	9.475555e-02	6.182576e-01	1.400720e-01	-3.020563e-01	2.262299e-01	-4.955059e-02	3.084980e-01	-6.490886e-01	4.312964e-01	-5.165966e-02	-1.283455e-01	6.745557e-02	-4.266607e-01	-5.416925e-02	3.350779e-01	3.091145e-02	2.768172e-01	-2.874419e-01	3.179681e-01	3.509523e-01	2.472965e-01	1.637496e-01	-4.583163e-02	-1.896928e-01	-3.279380e-01	-3.619488e-01	-5.507892e-03	-1.668279e-01	-2.863869e-01	3.399267e-02	-5.143604e-03	1.893641e-01	-7.330146e-02	4.088835e-02	2.027458e-01	-1.811481e-01	-3.673300e-01	-4.011344e-01	3.087129e-01	-2.256692e-01	6.881073e-01	-3.212544e-01	2.074113e-01	-8.415584e-03	-6.809203e-02	-4.705178e-01	-5.326386e-02	9.582574e-02	2.109897e-01	-2.984725e-01	5.707198e-01	2.083752e-02	2.295794e-01	6.826541e-02	7.108948e-01	-2.693914e-01	1.098228e-01	4.856725e-01	8.228222e-02	2.649759e-01	3.492032e-01	5.183807e-02	-2.999971e-01	-1.348102e-02	4.033585e-02	-1.547804e-01	-2.415825e-02	-4.838525e-01	-2.808642e-01	-1.957672e-01	-2.707056e-01	8.528291e-02	2.899461e-01	-2.196693e-01	-2.461275e-01	-7.593636e-01	-3.264551e-01	-3.155713e-01	3.140307e-01	-9.525087e-02	8.955492e-02	3.686324e-01	-3.100928e-02	-3.024252e-01	5.083389e-02	-2.999767e-01	4.846489e-01	9.234464e-02	-2.560119e-03	1.244425e-01	1.132045e-02	-2.568900e-01	-6.791898e-01	1.154542e-01	1.680273e-01	-8.874149e-02	8.947969e-02	6.679921e-02	-2.344776e-01	-3.109408e-01	5.767194e-02	4.843677e-02	-3.134443e-01	1.892554e-01	-3.293097e-01	9.306119e-02	-6.056762e-01	8.567241e-02	4.201399e-01	2.848122e-01	3.296622e-01	2.127312e-02	1.379690e-01	-1.572077e-02	3.380663e-01	-5.195795e-01	4.750585e-01	3.029656e-01	5.591103e-02	-1.193170e-02	8.603207e-02	-3.848238e-02	-3.388970e-02	-4.497690e-01	1.037282e-01	1.392197e-01	-2.987252e-01	-1.657759e-01	-2.480356e-02	-5.194263e-01	-3.587152e-01	2.029104e-01	-3.283081e-01	4.282621e-01	-1.694137e-01	-3.092435e-01	-3.416955e-01	1.788234e-01	4.713226e-01	-5.101516e-04	-4.598991e-01	-5.584549e-01	-1.611771e-01	-1.966614e-01	-1.324662e-01	1.992197e-01	7.594335e-01	-1.331000e-01	-8.502592e-02	-4.678082e-01	-6.502458e-02	-3.723781e-01	-3.897199e-01	6.657089e-01	1.560239e-01	-7.674394e-01	3.146572e-01	-2.454927e-01	2.151908e-01	4.955315e-01	-4.929401e-02	9.778398e-02	1.066466e-01	-3.246080e-01	1.126902e-01	-5.806459e-02	2.039085e-01	3.990088e-01	2.111377e-01	-4.065164e-01	-3.000261e-02	2.525092e-01	-5.261701e-01	-1.386283e-01	2.315396e-01	-3.877220e-01	8.490911e-01	-5.120912e-02	-6.597011e-01	-2.033641e-01	8.580439e-02	-1.109455e-01	-3.931541e-02	-5.159550e-01	-3.180444e-01	3.991780e-02	-3.217093e-01	9.310395e-01	-4.351625e-01	3.330944e-01	6.009337e-02	-2.650383e-01	1.139328e+00	-2.067394e-02	-5.107936e-01	1.091034e-02	1.127180e-01	3.049148e-01	2.066582e-01	9.849488e-04	1.485384e-01	-5.359641e-01	2.367863e-01	3.960026e-01	-2.916522e-01	1.473809e-02	2.046853e-01	6.691277e-02	-2.880004e-01	-4.887431e-01	2.679729e-01	5.343135e-02	-6.139611e-02	3.134347e-01	5.267959e-01	1.579799e-01	9.512991e-01	-2.514582e-01	-5.571253e-01	4.323108e-01	1.074360e-02	1.246007e-01	-4.693338e-01	9.433600e-01	-2.871753e-01	1.658102e-01	-2.807091e-01	-2.601670e-01	-2.464633e-01	3.500746e-01	1.662414e-01	5.170671e-01	-4.723190e-01	4.607654e-01	6.762329e-02	-1.261614e-01	3.413608e-01	9.882661e-02	-2.759742e-01	-4.203835e-02	2.739331e-01	1.835368e-01	-1.786006e-02	-5.803864e-01	1.334982e-02	5.638079e-02	2.439789e-01	1.258265e-01	3.094843e-01	-1.580034e-01	5.287352e-01	6.300543e-01	7.012753e-03	2.655639e-01	2.080019e-01	1.332827e-01	5.581212e-01	2.894524e-01	1.391658e-01	1.832477e-01	2.825553e-01	-8.796852e-01	2.076046e-01	1.560046e-01	2.664522e-01	2.799830e-02	-3.755861e-02	8.067971e-02	-1.726668e+00	-2.291181e-02	2.018618e-01	-2.028264e-01	9.794591e-02	-3.182801e-01	-1.172557e-01	-2.611168e-01	-2.059943e-01	1.534361e-02	-6.089312e-02	-2.298819e-01	-2.160841e-01	1.731100e-01	-3.017339e-01	-4.663495e-01	-2.426963e-01	5.415537e-03	-1.427285e-01	1.182633e-02	2.536279e-01	-1.579006e-02	-2.223343e-02	-3.127234e-01	-2.269366e-01	-2.182384e-02	6.027755e-01	-1.275223e-01	-3.191843e-01	-3.272634e-02	-2.774837e-01	-9.819431e-02	-1.530689e-01	-2.004090e-01	5.871125e-02	-1.367342e-01	-6.393694e-01	-6.720768e-02	1.577321e-02	1.731495e-01	-1.034907e-01	-1.327379e-01	-6.163730e-01	-2.094471e-01	-4.869850e-02	2.478688e-01	3.111491e-01	-4.610436e-01	-4.189788e-02	-2.522747e-01	-3.178076e-01	2.715312e-01	-2.814730e-01	5.774827e-02	-5.760285e-01	2.881368e-01	3.596942e-02	-1.123483e-01	2.247492e-01	1.100603e+00	-1.276972e-01	-2.299739e-01	3.497060e-02	4.248157e-01	7.863407e-02	3.548317e-01	2.472220e-01	2.219997e-01	-7.550995e-02	-1.590950e-01	-1.318891e+00	1.619498e-01	4.429071e-02	1.066629e-01	-5.927439e-01	3.712234e-01	8.592020e-01	3.749425e-02	2.443642e-01	-2.377513e-01	-1.049133e-01	-1.180558e-01	-1.609331e-01	-1.869771e-01	2.848184e-02	-1.291032e-01	-3.898313e-01	-2.227744e-01	-1.121617e+00	-7.308797e-01	8.006141e-02	-7.313795e-02	3.475024e-01	1.898623e-01	-2.782346e-01	6.013990e-02	1.789976e-01	-1.697070e-01	6.194208e-02	4.866569e-02	-2.530842e-01	3.401331e-01	-6.032671e-01	-5.124758e-01	-1.048851e-01	4.721792e-02	-2.134799e-02	-1.528633e-01	2.414331e-01	-2.112188e-01	5.921636e-01	2.660016e-01	6.532498e-01	-7.749805e-02	1.638983e-01	2.318208e-01	2.658857e-01	1.160986e-01	-3.062129e-01	-1.350254e-01	4.847244e-01	3.153779e-02	6.692943e-02	-3.618529e-01	2.285115e-01	1.393536e-01	-3.886098e-01	-2.358670e-03	-1.272439e-01	2.228894e-01	-2.414522e-01	1.230861e-01	1.081928e-01	-3.113566e-02	-4.100373e-01	4.191746e-01	1.663693e-01	-2.764510e-01	-1.626420e-01	2.385865e-01	-7.937931e-02	1.272451e-01	2.755888e-01	-3.015031e-01	-4.029598e-02	7.909481e-02	2.424860e-01	-1.084363e-01	4.493688e-01	1.257246e-01	1.673966e-01	-1.808016e-01	1.908652e-01	-3.801411e-02	-5.968015e-02	-7.480933e-02	1.173971e-01	-1.756985e-01	-3.554044e-01	-1.715341e-01	8.288660e-02	4.549024e-02	-1.242687e-01	-1.335756e-01	-4.380538e-02	-6.826349e-02	-2.734581e-01	3.561640e-01	-3.033834e-02	-7.886407e-01	-1.588008e-01	2.133590e-01	-1.725840e-01	1.670369e-01	-3.536851e-01	3.342693e-01	1.225510e-02	2.145015e-01	-2.952329e-01	-8.325026e-02	-6.845784e-01	-6.890233e-01	6.939672e-03	-4.087516e-02	-1.989478e-01	-2.174514e-01	-8.782619e-02	8.383059e-02	-3.617201e-01	-8.723969e-02	-2.047990e-01	2.082851e-01	-3.008945e-01	-3.950831e-01	3.547460e-01	-1.151187e-01	4.214978e-01	3.060670e-01	-7.569116e-02	5.811062e-01	-9.751746e-02	2.898213e-01	1.101883e-01	2.502404e-01	1.569315e-01	-3.614659e-02	-9.823497e-02	1.327937e-01	4.312569e-02	-6.760022e-03	-2.293518e-01	-1.582864e-01	4.240274e-01	-2.493257e-01	2.385164e-01	-9.772900e-02	4.041727e-01	-1.483765e-01	2.722725e-01	3.952716e-01	-3.278819e-01	-1.973305e-01	1.938614e-01	-2.381706e-01	4.293374e-01	-5.605207e-02	-2.322149e-01	9.240873e-01	-1.016613e-01	3.706370e-01	-3.108455e-01	-4.815203e-02	4.718085e-01	1.449976e-01	-7.395477e-04	-4.760074e-01	4.008653e-01	3.468858e-01	5.785086e-01	4.629191e-01	-3.882156e-01	-3.882987e-01	4.302802e-01	-3.143193e-01	-2.710288e-01	4.596367e-01	3.434281e-02	3.794861e-02	7.787226e-02	1.064895e-01	9.616213e-02	6.170368e-02	9.639648e-02	4.312916e-02	7.104165e-02	-2.046867e-01	-2.762715e-01	6.587586e-02	-3.511297e-01	1.518323e-01	-2.718992e-02	-2.795723e-01	1.129753e-01	3.355492e-02	-8.305375e-02	-2.892585e-01	8.872271e-02	-7.032974e-02	1.807697e-01	-5.349787e-02	-1.055970e-01	-5.160953e-01	-2.837099e-01	-4.680163e-02	-1.761361e-01	7.454624e-01	-5.249093e-03	2.839803e-01	-4.050829e-01	1.438449e-01	-4.186075e-01	-6.102810e-01	-5.091804e-01	-3.983168e-01	-3.053831e-01	9.599806e-02	4.389002e-01	4.579011e-01	-2.408533e-01	1.006202e-01	-2.060972e-01	3.864867e-02	-3.008946e-02	1.153970e-01	-3.647493e-01	-4.232780e-01	3.115764e-01	-5.700039e-02	-2.520238e-01	-6.259909e-01	3.800647e-02	1.028383e-01	2.714556e-01	1.073937e-01	1.035739e-01	-1.184442e-01	-2.999066e-01	1.277692e-01	-1.506355e+00	-2.434893e-01	-2.322814e-01	5.406795e-03	-4.397309e-02	1.339017e-01	5.371101e-01	-4.305264e-02	-6.763401e-02	2.152325e-01	-4.610820e-01	-4.996443e-02	-2.385838e-01	3.191765e-02	1.534146e-01	3.646232e-01	-1.510569e-01	3.244362e-01	-6.025026e-01	-5.090890e-01	-1.364758e-04	-3.236930e-01	-4.757906e-02	3.863678e-02	1.265767e-01	-5.193936e-01	7.432080e-01	2.159085e-03	1.155170e-01	-3.771741e-01	-1.087026e+00	-4.301504e-02	-5.361398e-01	-1.767642e-02	4.761641e-02	2.661094e-01	-1.552643e-01	
-6.456038e-02	-3.405201e-01	4.804344e-01	8.566746e-02	5.479559e-01	2.507784e-01	-1.145673e-01	3.433366e-02	1.230243e-01	1.159447e-01	-2.003689e-01	5.254694e-01	-2.877585e-02	1.567846e-02	-1.880289e-01	-3.069081e-01	6.575022e-01	-4.479241e-01	-1.517583e-01	-1.175721e-01	-1.724873e-01	-1.847046e-01	2.746563e-01	-6.632770e-02	5.788289e-02	7.605364e-01	-3.165827e-01	-1.433068e-01	-3.978002e-01	-6.014789e-01	1.407735e-01	2.417996e-01	-1.658287e-01	2.783085e-01	3.627228e-02	-5.943445e-02	-2.175454e-01	1.507097e-01	1.083812e-01	-2.700593e-01	-2.254142e-01	4.292503e-02	-1.779653e-01	-6.077647e-02	2.521245e-01	-6.030336e-01	-1.486486e-02	6.642407e-02	-1.512298e-01	4.526956e-01	-2.021453e-01	-3.062520e-01	-7.903305e-02	3.183125e-01	2.156318e-02	2.533387e-01	1.126161e-01	2.807963e-02	6.764083e-02	-3.939625e-03	4.817450e-03	1.942749e-01	-1.467816e-01	-2.885573e-01	7.903243e-02	1.813495e-01	-1.589679e-02	4.605713e-02	1.196352e-01	4.042648e-01	-1.992913e-01	2.520483e-01	6.042802e-01	-3.354603e-03	-3.964603e-01	7.627603e-01	4.899146e-02	-9.931128e-02	-6.852714e-01	-3.960570e-01	4.528845e-01	4.828537e-01	-1.150314e-01	3.090170e-01	2.649965e-03	4.799266e-01	3.313029e-01	5.372447e-02	5.896227e-01	-4.509615e-01	-8.890125e-03	-1.482466e-01	8.107297e-01	1.921546e-01	-3.593819e-01	6.263467e-01	6.058986e-02	4.820940e-01	1.453317e-01	1.943682e-01	-5.334360e-01	-9.077358e-02	2.651107e-01	-2.210156e-01	2.031382e-01	-2.383323e-01	1.341942e-02	4.169130e-02	-5.006466e-03	4.835823e-01	1.527681e-01	1.004556e-01	5.072721e-01	-2.040419e-01	3.683054e-01	-5.120116e-01	-1.454141e-01	4.578692e-01	3.453116e-01	-2.685560e-01	-4.020678e-01	1.081298e-01	-1.714386e-01	1.913300e-01	1.625015e-01	-1.484028e-01	3.676760e-02	3.268055e-01	1.843072e-01	7.162013e-02	-5.714837e-02	5.359040e-02	4.049905e-02	1.859672e-01	3.690174e-01	-6.356799e-03	3.285740e-01	-3.994703e-01	-8.894422e-02	6.194008e-01	6.601083e-02	2.941374e-01	-6.052226e-01	-1.441081e-01	-3.291184e-01	-8.956621e-02	-4.314980e-01	4.731438e-01	-3.640427e-01	-1.242821e-01	1.055305e-01	4.400725e-01	3.882835e-01	-6.453285e-02	1.132498e-01	-1.833164e-01	6.223814e-01	1.552556e-01	-2.396425e-01	2.158005e-01	-1.883146e-01	2.708401e-01	-6.237404e-01	2.193827e-01	-4.266464e-02	-7.483924e-02	-9.761628e-02	-1.900748e-01	-2.380238e-01	1.972415e-03	-3.354303e-04	-7.094795e-02	-2.197159e-01	4.398922e-01	2.807119e-01	2.077815e-01	-1.749256e-01	3.278550e-01	-2.320003e-01	-3.590578e-01	-6.561775e-01	1.645391e-01	-1.648455e-01	1.682096e-01	-3.722635e-02	-6.647568e-02	-1.089939e-02	3.039047e-02	-3.474311e-02	8.408272e-02	1.091674e-01	8.229706e-02	-4.508591e-01	2.130072e-01	-2.393812e-01	5.042115e-01	-2.672501e-01	2.527689e-01	-5.194272e-02	4.068337e-02	-3.897374e-01	-1.500564e-01	-5.594270e-02	8.238229e-02	-1.571192e-01	4.222454e-01	1.970447e-05	1.287095e-01	-9.108274e-02	8.939241e-01	-1.940934e-01	-1.315126e-01	4.884428e-01	9.350894e-02	3.220778e-01	-3.077028e-03	-1.048996e-02	-4.580732e-02	5.119253e-02	1.834947e-01	-9.231747e-03	2.038395e-01	-2.599835e-01	-1.424439e-01	-4.176930e-01	3.966049e-02	1.879625e-01	1.725168e-01	-1.668654e-01	-2.404034e-01	-5.052364e-01	-5.830987e-01	-1.302845e-01	3.665764e-01	-1.388876e-01	3.269211e-01	2.894565e-01	-1.299771e-01	-1.407746e-01	1.865536e-01	-1.138285e-01	1.742752e-01	-1.843695e-01	-6.865118e-02	9.401647e-02	1.536546e-01	-1.978255e-01	-5.272167e-01	2.185525e-01	5.181192e-03	-3.612716e-01	1.839887e-01	1.119166e-01	-2.911622e-01	-2.700765e-01	-2.465833e-01	-1.238740e-02	-9.006914e-02	1.905410e-01	-4.039524e-01	-8.523736e-02	-5.064517e-01	-1.955034e-01	2.990019e-01	4.117004e-01	2.085858e-01	-9.954999e-02	2.872235e-01	-6.349968e-02	2.713707e-01	-3.134285e-01	1.577559e-01	2.401670e-01	-9.284327e-03	9.210613e-02	3.028227e-01	-7.818624e-02	-1.158149e-01	-3.770331e-01	1.094679e-01	1.376974e-01	-4.844348e-02	-1.200052e-01	9.664323e-02	-3.003362e-01	-9.991730e-02	3.442780e-01	-2.133223e-01	2.525840e-01	-8.311668e-02	-3.300020e-01	-6.416647e-01	3.589999e-01	4.365525e-01	1.907716e-02	-2.865095e-01	-4.148422e-01	-8.288731e-02	2.212232e-02	-7.558981e-02	1.487028e-01	4.119246e-01	-2.219591e-01	2.372564e-01	-4.241628e-01	1.291118e-01	-6.303038e-01	-4.309326e-01	4.401155e-01	1.474661e-01	-6.380804e-01	2.858337e-01	-7.443898e-01	3.024228e-01	3.184548e-01	-1.235747e-01	1.508040e-01	-1.249054e-01	-2.311581e-01	-1.548165e-02	-4.751261e-02	1.186740e-01	1.018734e-01	1.552778e-01	-4.843927e-01	-2.789152e-01	1.753145e-01	-3.569795e-01	3.484889e-02	2.337003e-01	-6.770894e-02	1.266904e+00	-1.168201e-01	-4.332230e-01	1.355642e-01	-1.385356e-01	4.807847e-02	2.283529e-01	-6.435307e-01	-1.237220e-01	-1.086855e-01	-2.773251e-01	4.328893e-01	-4.667977e-01	3.384577e-01	9.452749e-02	-1.667349e-01	5.608397e-01	-1.344024e-01	-6.185061e-01	2.705675e-03	1.670267e-01	9.516912e-02	-1.062127e-01	-1.177915e-01	2.385665e-01	-6.692820e-01	1.221471e-01	4.445250e-01	-1.775193e-01	-4.281160e-02	2.340989e-01	7.110058e-02	-5.754091e-02	-4.768859e-01	-1.451503e-02	1.150889e-01	-1.748116e-01	2.090260e-01	4.652682e-01	2.117862e-01	2.344127e-01	-4.941334e-01	-6.275628e-01	3.094473e-01	5.469217e-02	-1.325413e-01	-4.441592e-01	7.381211e-01	-4.965552e-02	-2.631380e-02	1.222530e-02	-2.145742e-01	-2.502415e-01	2.257588e-01	1.579379e-01	2.092399e-01	7.290628e-02	4.441375e-01	1.746872e-01	3.890605e-02	4.158832e-01	-9.850360e-02	-1.833194e-01	2.062877e-01	1.906074e-01	7.517035e-02	1.142505e-01	-4.651103e-01	3.511913e-02	-2.846374e-02	1.194013e-01	9.116800e-02	1.201966e-02	-1.180076e-01	5.325239e-01	3.851078e-01	6.553123e-02	1.230798e-01	9.861556e-02	3.721418e-01	4.631877e-01	5.921052e-02	5.796109e-01	2.206774e-01	5.088781e-01	-9.821446e-01	-2.752785e-02	3.446864e-02	7.388370e-02	5.860924e-02	-5.285864e-02	1.634202e-02	-1.098392e+00	-9.827220e-02	1.078839e-02	-1.260685e-01	-4.026927e-02	-3.576662e-01	-2.474203e-01	-3.694336e-01	-1.575906e-01	1.021543e-01	-2.837825e-01	-1.229459e-01	1.259099e-02	1.023524e-01	-7.159591e-02	-3.727318e-01	-2.521494e-01	2.646104e-01	-1.611684e-01	-5.889445e-02	-2.274239e-02	-1.376806e-01	1.523943e-01	-5.354666e-01	-3.503535e-01	-2.817000e-02	7.035904e-01	-7.000118e-02	-6.278001e-02	-6.511609e-02	-1.524380e-01	-2.855330e-01	-5.329489e-02	-4.351392e-01	1.812420e-01	-2.491156e-01	-5.181339e-01	-6.269545e-02	2.503456e-01	4.160263e-01	-1.377791e-01	-2.126561e-02	-4.355007e-01	-9.881441e-02	-1.754289e-01	3.539753e-01	1.896523e-01	-4.164716e-01	3.801769e-01	-1.228575e-03	-4.424211e-02	1.132653e-01	5.433574e-02	-1.674213e-01	-3.339588e-01	1.023991e-01	5.431267e-02	7.869238e-02	-1.604251e-01	5.116079e-01	-1.104533e-01	2.747427e-02	-2.979559e-02	2.615823e-01	-6.239383e-02	1.028955e-01	2.849486e-01	7.140301e-01	-1.666105e-01	-3.560655e-01	-1.395725e+00	1.417078e-01	1.017863e-01	-2.115190e-01	7.561988e-02	2.235900e-01	4.447535e-01	2.652130e-02	2.810576e-01	-7.066306e-02	-2.103090e-01	-2.118360e-01	-2.546853e-01	-3.478741e-02	8.800489e-02	-1.999601e-01	-2.663880e-01	-1.967557e-01	-9.581826e-01	-1.130796e-01	8.397728e-02	8.246828e-02	1.817023e-01	1.742962e-01	-4.446925e-01	1.100504e-01	5.264570e-01	-7.537188e-02	-1.408240e-01	1.560614e-01	-2.582028e-01	1.831122e-01	-7.545399e-01	-3.384671e-01	-1.920475e-01	1.947502e-01	-1.076992e-01	3.140135e-03	2.666904e-01	1.048394e-02	4.579715e-01	1.482566e-01	3.833559e-01	4.542437e-02	2.708252e-01	1.939292e-01	6.983934e-02	-1.087463e-01	-5.532849e-02	-7.960367e-02	4.556971e-01	-1.050149e-01	1.644975e-01	-8.720846e-02	3.614771e-01	1.520062e-01	-1.099887e-01	6.869522e-02	-1.536051e-01	7.302181e-02	1.072291e-01	1.993697e-01	2.171098e-01	-9.528479e-02	-2.389713e-01	3.904366e-01	6.846511e-03	-3.176633e-01	-1.010226e-02	8.458830e-02	3.395050e-02	2.002685e-01	1.493536e-01	-3.709251e-01	-5.677804e-02	2.807280e-01	2.437111e-01	-1.560623e-01	6.657626e-01	-4.696275e-02	2.377232e-01	1.231891e-01	4.831899e-01	-7.665243e-03	2.708087e-01	-2.452243e-02	2.009045e-01	2.952647e-02	-1.040270e-01	-1.810897e-01	6.610100e-02	2.085764e-01	-5.744485e-02	1.230419e-01	2.973975e-01	1.107398e-01	-2.654222e-02	2.538421e-01	3.556028e-01	-8.130601e-01	-1.738214e-01	3.519888e-02	-2.571155e-01	1.065544e-01	-2.702040e-01	4.013525e-01	-2.049977e-03	7.284116e-02	-2.998197e-01	-1.512116e-01	-2.483452e-01	-4.866777e-01	1.231261e-01	1.660940e-01	-2.207273e-01	-2.399116e-01	-6.652979e-01	1.488268e-01	-1.484176e-01	-3.222510e-01	-2.019831e-01	5.486038e-02	-3.061594e-01	-3.856637e-01	1.748141e-01	2.686754e-01	4.463266e-01	2.767684e-01	8.966042e-02	5.484231e-01	-5.309213e-02	3.421555e-01	-5.615099e-02	2.149818e-02	9.836082e-04	3.375238e-02	-1.557776e-01	7.827777e-02	8.543840e-02	1.132805e-01	-7.351131e-03	1.851689e-01	2.842824e-01	-4.401858e-01	1.881710e-01	-2.096199e-01	1.303354e-01	2.768309e-02	2.940913e-01	8.893584e-02	-2.109126e-01	-1.648079e-02	1.681062e-01	-2.201711e-01	5.575161e-01	-1.176139e-01	-8.282641e-02	5.485929e-01	-8.673753e-02	4.067183e-01	-3.068061e-01	-7.922160e-03	3.232145e-01	1.048331e-01	6.027509e-02	-2.775186e-01	5.624557e-01	2.513887e-01	5.954173e-01	-2.058498e-02	-4.010658e-01	-4.028379e-01	1.249519e-01	-3.834469e-01	1.791945e-02	2.706027e-01	-1.123624e-01	-1.553626e-01	3.644693e-01	1.782224e-01	-8.093259e-02	1.452215e-01	2.928153e-01	3.861066e-03	1.607903e-01	-2.244002e-02	6.547830e-02	-1.038751e-01	-2.342371e-01	6.108531e-02	-2.062614e-01	-2.728529e-01	7.981483e-02	-2.369832e-01	-1.115864e-01	-1.974533e-01	1.892690e-01	-9.115030e-02	7.981930e-03	1.845821e-01	-1.601990e-01	-4.744657e-01	-6.489827e-02	1.919317e-01	-5.240693e-02	3.752879e-01	2.895391e-01	3.226982e-01	-6.423378e-01	-6.715663e-02	-3.981062e-01	-5.263513e-01	-2.559036e-01	-3.504918e-01	-4.288328e-01	1.759973e-02	2.314388e-01	2.332284e-01	-1.815087e-01	-8.278624e-02	-3.822147e-01	-8.725836e-02	1.639605e-01	-5.033185e-02	-2.300331e-01	-1.474707e-01	6.946617e-02	8.344279e-02	-5.499318e-03	-4.227821e-01	1.598935e-01	-5.257373e-02	-2.234685e-01	-1.142975e-01	1.147064e-01	-1.928264e-01	-7.084996e-02	-3.560268e-02	-1.191078e+00	-2.026658e-01	-1.706535e-01	-1.480926e-01	2.481065e-01	1.376981e-01	1.634000e-01	-2.738046e-01	3.438959e-01	5.574973e-02	-1.944237e-01	-7.846890e-02	-3.124678e-02	-3.796875e-01	1.856564e-01	3.614323e-01	-9.648376e-03	3.940901e-01	-5.488850e-01	-3.763980e-01	1.192946e-01	-2.855101e-01	1.118535e-02	-8.609369e-02	9.541278e-02	-5.097486e-01	4.864654e-01	1.682538e-01	1.430099e-01	-4.490846e-01	-7.834625e-01	1.784322e-01	-4.568046e-01	-1.340727e-01	-2.302310e-01	2.675547e-01	-1.744408e-02	
7.487036e-02	-1.250696e-01	5.457075e-01	1.583374e-01	2.759115e-01	2.302242e-01	-5.773409e-01	-9.541781e-02	2.199322e-01	4.350297e-01	2.133842e-02	5.297543e-01	1.325081e-01	1.562837e-01	-9.110051e-02	-3.152684e-01	4.661062e-01	-5.930530e-01	-8.173371e-02	2.983179e-01	-1.941442e-02	-1.477030e-03	3.678986e-01	2.047919e-01	-1.539199e-01	4.323424e-01	-1.942005e-01	3.393563e-02	-1.873377e-01	-4.577314e-01	8.536252e-02	4.721301e-01	-3.320808e-01	5.526679e-01	-8.399049e-02	-7.889964e-02	-3.027175e-01	-6.679562e-02	4.023967e-01	-5.697611e-01	-1.934395e-01	-2.194437e-01	-7.476617e-02	7.266743e-02	2.334263e-01	-3.289876e-01	1.802889e-01	-1.297019e-02	-1.706026e-01	6.517766e-01	1.056538e-01	-1.146629e-01	1.446621e-01	2.155803e-01	-1.421024e-01	3.205057e-01	8.736271e-02	-3.915962e-01	3.503707e-02	1.026492e-01	1.081590e-01	2.732162e-01	-3.304807e-01	-1.301246e-01	1.102918e-01	3.371319e-01	-1.489937e-01	-3.525607e-03	1.073609e-01	2.639476e-01	-6.675848e-02	1.654866e-01	2.978689e-01	-8.525923e-02	-2.378668e-01	7.548508e-01	1.720365e-01	-4.565689e-02	-8.087750e-01	-4.212979e-01	3.183001e-01	2.797513e-01	-2.739348e-01	6.168847e-03	1.139752e-01	2.317396e-01	3.856841e-01	-6.526867e-02	1.454894e-01	-2.128716e-01	3.293421e-02	-4.361358e-02	8.056245e-01	2.579065e-01	-4.240137e-01	7.100912e-01	2.261665e-01	3.482562e-01	4.869069e-02	1.782502e-01	-1.861784e-01	-1.907704e-01	2.916374e-01	4.833781e-02	1.800872e-01	-2.912900e-01	2.424470e-01	-1.859934e-02	2.596738e-01	4.583677e-01	1.523927e-01	1.714329e-01	2.647688e-01	-2.047277e-01	2.744666e-01	-2.904220e-01	-1.093317e-01	3.363906e-01	4.637579e-01	-3.132734e-01	3.262436e-02	-9.616599e-02	-2.253749e-01	-5.868964e-02	-7.389004e-02	-4.156208e-02	7.053982e-02	2.288930e-01	1.280137e-01	3.815223e-02	-1.624681e-01	1.858125e-01	1.034668e-01	6.299645e-03	2.829373e-01	-4.205968e-02	7.506154e-02	-1.972828e-01	-1.626820e-01	4.555419e-01	-1.554437e-02	2.337750e-01	-1.356921e-01	-1.691825e-01	-2.561594e-01	6.375407e-02	-4.640045e-01	5.140634e-01	-1.909646e-01	-1.559659e-01	-2.515666e-02	2.731478e-01	2.414991e-01	5.332392e-02	-2.840855e-01	-6.545819e-02	4.941272e-01	1.872333e-01	-7.057773e-02	4.496143e-01	-1.292979e-01	3.608300e-01	-6.031241e-01	3.315385e-01	4.169583e-02	-1.230784e-01	-1.847863e-02	-4.983861e-01	-9.830292e-02	2.343888e-01	-2.878681e-01	1.977263e-01	-2.138873e-01	1.661402e-01	3.125794e-01	2.231245e-01	1.010372e-01	2.768683e-01	-7.660574e-02	-3.481055e-01	-2.782547e-01	-5.284988e-03	3.624887e-02	-4.563710e-02	8.840489e-02	1.123594e-01	2.525964e-01	2.829706e-02	-1.344495e-01	-8.160662e-02	-3.067715e-01	-1.822129e-01	-4.109336e-01	3.796490e-01	-2.700178e-01	5.064473e-01	-3.765511e-01	1.417879e-01	-1.369644e-01	1.793001e-01	-3.747717e-01	2.062206e-01	9.988839e-02	2.034868e-01	-1.046723e-01	7.204488e-01	5.406055e-02	1.501205e-01	-8.812620e-02	8.130295e-01	1.368086e-01	-2.891150e-02	3.149408e-01	2.133327e-01	2.984588e-01	1.526739e-01	-1.213072e-01	-1.235876e-01	1.841451e-01	1.064207e-01	-5.905260e-02	9.924977e-02	-2.298201e-01	-1.877071e-01	-1.583560e-01	-2.465364e-01	6.193305e-03	1.131928e-01	-5.616549e-02	-4.331414e-01	-7.581947e-01	-5.151262e-01	-2.794679e-01	1.151820e-01	-1.961383e-01	2.599552e-01	2.613485e-01	-1.426198e-01	-1.172907e-01	6.484906e-02	-9.272859e-02	1.895340e-01	-9.713244e-02	-8.339047e-03	1.563557e-01	8.703168e-02	-1.380025e-01	-4.808836e-01	3.860340e-01	-3.173293e-02	-2.065722e-01	2.798978e-01	1.373071e-01	-2.310912e-01	-5.114864e-01	2.756915e-02	-1.002785e-01	-2.703663e-01	1.372896e-01	-4.156356e-01	-2.311764e-02	-4.910052e-01	-2.000367e-01	3.345234e-01	1.291181e-01	9.728654e-02	2.816571e-01	2.574481e-01	-8.915445e-02	5.043142e-02	-5.168262e-01	5.483245e-01	1.249289e-01	-5.666349e-02	1.166001e-01	-6.430166e-02	1.488793e-01	-1.082300e-01	-1.537011e-01	1.021069e-01	-7.089562e-02	-9.268410e-02	-8.411717e-02	1.024095e-01	-2.926694e-01	-2.909358e-02	1.093554e-01	-2.793417e-01	4.866952e-01	-3.188228e-01	-3.593516e-01	-3.984590e-01	2.095410e-02	4.515575e-01	2.770568e-02	-7.403999e-01	-2.056080e-01	-2.028268e-01	-2.010344e-01	-7.801047e-02	1.326265e-01	5.166263e-01	-1.710995e-02	9.569108e-03	-3.572870e-01	1.912142e-01	-2.980893e-01	-2.149949e-01	3.645928e-01	6.734667e-02	-3.917112e-01	2.047681e-01	-4.047407e-01	2.790165e-01	3.193752e-01	1.482592e-01	2.830108e-02	3.565298e-02	-7.440083e-02	1.455093e-01	-8.842314e-02	-1.059846e-01	4.960712e-01	-3.024825e-02	-2.148897e-01	1.951597e-01	3.238060e-01	-4.485170e-01	6.980837e-02	2.341293e-01	6.546748e-03	9.840818e-01	2.133489e-02	-3.571886e-01	1.176230e-02	1.420244e-02	-8.688551e-02	1.527597e-01	-2.094342e-01	-4.438140e-01	-2.891771e-01	-3.910390e-01	7.957211e-01	-5.156282e-01	-9.554534e-03	-1.970187e-01	-6.812427e-02	6.448092e-01	-2.941683e-01	-7.706869e-01	2.280420e-01	1.695975e-01	9.715301e-02	2.311330e-01	1.389043e-01	5.000612e-02	-7.548780e-01	-1.794417e-01	3.706277e-01	-2.002319e-01	6.098143e-02	2.268134e-01	2.266930e-01	-3.233032e-01	-9.113497e-02	1.371501e-02	6.513178e-02	-9.723008e-02	1.295248e-01	4.475787e-01	3.822339e-01	5.449513e-01	-2.529577e-01	-9.366617e-01	3.204621e-01	6.286906e-02	7.303386e-02	-2.323744e-01	7.385957e-01	-3.152919e-02	1.460540e-02	-1.534076e-01	-2.825558e-01	-7.188927e-02	1.962479e-01	8.449784e-02	1.321016e-01	5.502017e-02	3.480344e-01	8.614767e-02	2.674679e-02	5.226004e-01	-1.261245e-01	-1.566537e-01	1.318765e-01	2.511691e-01	1.440981e-01	-5.870960e-02	-5.392562e-01	5.945237e-02	7.491678e-02	2.800024e-01	1.428256e-01	1.749678e-01	-2.130285e-01	5.519190e-01	6.929041e-01	1.263060e-01	1.215581e-01	-2.781239e-02	2.601850e-01	5.158480e-01	1.694671e-01	3.807111e-01	1.833185e-01	3.106328e-01	-6.884778e-01	1.455871e-01	-2.441729e-01	2.485149e-01	2.140447e-01	-1.279036e-01	-2.858245e-02	-1.270475e+00	8.548832e-02	1.350879e-01	6.427884e-02	9.661528e-02	-2.082302e-01	-7.632711e-02	-9.218455e-02	-1.030442e-01	-7.184613e-02	-1.336021e-01	1.113007e-02	-5.726284e-02	4.016268e-01	-8.501167e-02	-4.825751e-01	-3.612252e-02	9.454369e-02	-2.830561e-02	1.078771e-01	1.102101e-01	-1.380720e-01	2.624477e-01	-3.960844e-01	-2.768182e-01	4.164852e-02	7.230170e-01	-3.701112e-02	-1.191878e-01	6.080702e-02	-2.137724e-01	-2.109670e-01	-1.258080e-01	-1.022066e-01	2.989003e-02	-1.183145e-01	-4.989093e-01	-1.041318e-02	-1.654707e-01	5.520648e-01	-5.802504e-02	-1.263838e-01	-1.454604e-01	-7.350551e-02	-1.517756e-01	2.325185e-01	3.495390e-01	-2.116259e-01	8.274781e-02	6.936453e-04	-1.656608e-01	4.723627e-01	-9.054323e-02	-1.699314e-01	-2.106087e-01	1.343652e-02	-3.408125e-01	1.327394e-01	-1.206334e-01	7.386882e-01	-4.667577e-02	-8.483118e-02	3.586903e-02	1.910286e-02	2.587447e-01	1.453574e-01	1.410033e-01	6.590456e-01	-9.171175e-02	-2.869557e-01	-8.208799e-01	7.077898e-02	1.352995e-01	-1.556516e-01	-1.223978e-01	1.577817e-01	1.944248e-01	3.193933e-01	1.684008e-01	-9.122219e-02	-1.491507e-01	4.012072e-02	-1.652587e-01	-2.118925e-01	-8.972206e-03	-3.003339e-01	-2.422235e-01	-1.986233e-01	-7.895306e-01	-2.497736e-01	4.007981e-02	-1.392897e-01	-2.008414e-01	1.624219e-01	-3.428941e-01	9.328071e-02	2.007762e-01	-1.785211e-02	1.192876e-01	4.080028e-02	-4.091673e-01	1.897766e-01	-7.662454e-01	-2.071713e-01	-2.520652e-01	-3.979208e-02	-1.834829e-01	3.730224e-02	5.683169e-02	-2.084471e-01	2.986056e-01	1.073220e-01	6.356701e-01	1.024943e-01	3.048284e-01	1.187567e-01	1.625451e-01	-2.087339e-02	-1.057228e-01	-7.621220e-02	6.164926e-01	-6.167749e-02	-5.762305e-02	-1.717352e-01	3.083540e-01	2.922048e-01	-2.158672e-01	-1.474646e-01	-8.556493e-02	8.240041e-02	1.829541e-01	-1.583246e-02	1.992586e-02	8.530989e-02	-1.583954e-01	4.676268e-01	8.619418e-02	-3.601988e-01	8.128677e-02	5.640665e-02	1.190231e-02	1.220694e-01	4.529475e-02	-4.365506e-01	-2.818573e-02	5.021727e-02	1.766636e-01	-1.575000e-01	4.550048e-01	-6.312801e-02	2.361825e-01	-6.876355e-03	7.762814e-02	-1.022456e-01	1.892356e-01	-2.745465e-01	2.117855e-01	-2.302190e-01	-1.038227e-01	1.638214e-03	-1.991653e-03	3.771643e-01	-3.831000e-02	-8.541336e-02	1.943336e-01	7.865345e-02	-6.658291e-02	1.548114e-01	8.566910e-02	-1.049185e+00	-1.233475e-01	8.296891e-02	-4.016972e-01	9.263959e-02	-2.777443e-01	1.717010e-01	-1.621646e-02	1.400701e-01	-2.134493e-01	-1.330931e-01	-1.120939e-01	-6.769574e-01	1.421172e-01	2.801699e-01	-1.374737e-01	-3.262683e-01	-4.444786e-01	-8.222640e-03	-1.514442e-01	-2.148936e-01	-8.350066e-02	-1.026467e-01	-3.482217e-01	-2.983232e-01	3.257305e-01	9.808544e-02	3.014082e-01	2.268477e-01	-9.699252e-02	3.494623e-01	-7.445755e-02	1.870774e-01	1.680929e-02	1.468662e-01	1.627788e-01	2.914873e-03	-3.232903e-02	-2.472846e-01	5.432936e-02	4.866580e-02	-1.146009e-01	-7.281624e-03	1.764224e-01	-4.118918e-01	1.650821e-01	-2.075285e-01	2.864542e-01	-4.811642e-02	1.997427e-01	3.186031e-01	-4.456628e-01	-1.489664e-01	9.146265e-02	-3.549680e-01	2.990622e-01	-3.346874e-01	-1.964311e-02	5.120276e-01	-3.912959e-02	2.731264e-01	-3.896174e-01	5.976889e-03	2.338042e-01	2.655805e-01	-1.899437e-02	-3.617582e-01	4.209528e-01	7.868146e-02	5.031033e-01	2.260436e-01	-4.205730e-01	-3.406567e-01	2.309933e-01	-5.139533e-01	-3.850661e-02	4.050607e-01	-6.641117e-03	-2.743360e-01	1.498632e-01	1.103048e-01	-2.801437e-02	3.063453e-01	1.001587e-01	-3.064462e-02	6.666348e-02	-2.010649e-02	8.444739e-02	-3.819046e-01	-4.958215e-02	-2.045274e-02	2.136572e-02	-2.175142e-01	-1.690621e-01	-1.068143e-01	-1.038219e-01	-2.503243e-01	-3.784402e-02	1.096185e-02	1.467161e-01	1.892677e-01	-3.538456e-02	-4.921978e-01	-8.276300e-02	-7.406420e-02	-1.426851e-01	4.822896e-01	2.068289e-01	1.539725e-01	-5.591628e-01	1.864752e-02	-3.188454e-01	-4.142815e-01	-1.489951e-01	-2.769392e-01	-2.761853e-01	1.498507e-01	1.301241e-01	4.382039e-01	-2.964262e-01	-3.202641e-02	-2.210816e-03	4.857504e-02	1.036582e-01	-1.166620e-01	-2.766046e-01	-1.877959e-01	2.514439e-01	1.721184e-01	1.357172e-01	-4.091972e-01	-1.569718e-01	1.516204e-01	5.639606e-02	-1.833335e-01	1.334893e-01	-8.517104e-02	-2.211253e-01	-1.077823e-01	-9.926572e-01	-1.255168e-01	-1.518997e-01	7.928160e-02	-1.163260e-01	3.142200e-01	2.534797e-01	-1.407024e-01	1.336821e-01	1.121672e-01	-2.057728e-01	-1.871593e-01	-1.357234e-01	-1.544662e-01	3.253198e-01	-1.419715e-01	-6.751852e-02	2.250011e-01	-4.807457e-01	-3.777586e-01	3.712587e-01	-2.121297e-01	-3.370472e-02	-1.731169e-01	-1.473914e-02	-2.079164e-01	3.479241e-01	2.888652e-01	1.177792e-01	-1.177704e-01	-9.506050e-01	3.087434e-01	-7.092698e-01	-2.468379e-01	-2.825709e-01	-5.449188e-02	2.020077e-01	
-1.652331e-01	-2.952585e-01	2.405966e-01	7.577184e-02	3.141417e-01	1.960665e-01	-2.927334e-01	1.722676e-01	-7.918762e-02	1.547812e-01	-8.708696e-02	4.477627e-01	8.076887e-02	1.694102e-01	1.443675e-01	-2.467923e-01	6.609101e-01	-4.419647e-01	-1.457439e-01	-1.174930e-01	-2.285303e-04	-2.702233e-02	1.102190e-01	9.038246e-02	-1.331958e-02	6.517921e-01	-5.280612e-01	1.010106e-01	-1.277838e-01	-3.342907e-01	1.834766e-01	4.948035e-01	-2.697936e-01	6.041095e-01	-1.446780e-01	6.380608e-02	-8.007882e-02	1.103819e-01	3.298613e-01	-3.330939e-01	-4.170049e-01	2.293835e-01	-1.100701e-01	-4.625713e-02	1.216931e-01	-4.125006e-01	3.185353e-01	8.634823e-02	-1.847000e-01	6.448647e-01	2.275422e-01	-1.485072e-01	-1.937852e-02	2.141185e-01	6.633307e-02	3.553132e-01	2.671039e-02	-1.869904e-02	1.640743e-01	-5.605879e-02	9.948723e-03	2.348742e-01	-1.819842e-01	-2.384387e-01	-1.572042e-01	4.230824e-02	-2.384059e-01	-2.289329e-02	2.680061e-01	5.905407e-01	-1.861925e-01	5.420688e-02	4.810453e-01	-3.116387e-02	-2.020849e-01	9.472705e-01	1.760806e-01	4.089690e-02	-9.079707e-01	-3.595656e-01	5.256950e-01	2.985176e-01	7.213000e-02	3.466005e-02	-9.038328e-02	4.660127e-01	3.787497e-01	2.295607e-01	6.878046e-01	-7.705952e-01	-1.493469e-02	-1.072309e-01	1.028799e+00	1.686852e-01	-3.397215e-01	6.450782e-01	-2.742349e-03	3.466651e-01	1.455741e-02	1.092641e-01	-6.231477e-01	-1.135889e-01	4.976496e-01	-1.021690e-01	4.581492e-01	-3.563274e-01	9.558465e-02	-5.932712e-02	1.107918e-01	6.449522e-01	8.429957e-02	2.552307e-01	1.528757e-01	-2.509868e-01	2.771888e-01	-4.107535e-01	-8.469620e-02	3.367635e-01	5.717784e-01	-2.236239e-01	2.036814e-02	5.678649e-02	3.033609e-03	1.762814e-01	1.357798e-01	-3.923174e-01	1.429895e-03	1.967104e-01	-3.253481e-02	6.648017e-02	-3.807026e-01	-1.534764e-01	8.880092e-02	2.079658e-01	3.469783e-01	3.918981e-02	1.371387e-01	-2.996140e-01	-2.111402e-01	6.904928e-01	-5.672094e-02	2.232218e-01	-2.311879e-01	-6.354658e-02	-7.345884e-02	7.794698e-02	-4.982170e-01	2.763334e-01	-4.956668e-01	-3.783747e-01	-7.222604e-02	3.659535e-01	4.477242e-01	-1.845954e-02	-3.527063e-01	1.594399e-01	3.753703e-01	3.017609e-01	-1.923894e-01	3.865910e-01	-3.362064e-01	4.103875e-01	-5.291061e-01	4.512092e-01	1.298839e-02	-1.310740e-01	-1.064231e-01	-2.072941e-01	-3.198625e-01	2.569007e-01	-1.517423e-01	2.019085e-01	-4.408777e-01	2.723472e-01	5.476286e-01	2.468948e-01	8.357920e-02	1.530261e-01	3.374028e-02	-5.216703e-01	-4.751540e-01	2.412986e-01	-1.934545e-01	-1.391681e-01	-9.267937e-02	-1.125592e-02	1.478567e-01	-1.309311e-02	-8.792536e-03	1.980950e-01	-1.868067e-01	-6.074945e-02	-4.639187e-01	1.841227e-01	-9.544403e-02	7.303375e-01	-2.557999e-01	1.357654e-01	-1.024407e-01	3.007448e-01	-8.345261e-01	-1.083998e-01	2.130468e-01	1.443853e-01	-1.322016e-01	5.512493e-01	-4.536749e-02	1.805397e-01	-2.485005e-04	6.874135e-01	-2.384429e-01	2.419091e-03	5.622244e-01	6.009122e-02	4.275898e-01	2.505510e-01	4.482469e-02	-3.129647e-01	-1.396309e-04	1.377017e-01	-7.561418e-02	2.211703e-02	-3.652950e-01	-2.687809e-01	-2.433489e-01	-1.191816e-01	1.819634e-01	2.486766e-01	-8.416297e-02	-2.420696e-01	-5.528081e-01	-1.409880e-01	-1.559167e-01	3.853579e-01	-1.534535e-01	2.469208e-01	3.204276e-01	-1.157161e-01	-3.097616e-01	1.017083e-01	-2.789138e-01	1.787891e-01	3.613225e-02	1.078691e-01	9.317850e-02	-1.036717e-01	-1.291384e-01	-4.835470e-01	2.239990e-01	1.167866e-01	-3.336013e-01	3.599500e-01	-3.672832e-02	-1.588843e-01	-3.203434e-01	6.862545e-02	-7.954402e-02	-1.407931e-01	1.293577e-01	-3.294092e-01	3.971853e-02	-6.870086e-01	-2.403070e-01	3.060820e-01	3.423069e-01	2.797741e-01	1.884582e-01	2.665608e-01	-2.153322e-01	6.641330e-02	-5.656671e-01	3.308818e-01	2.364842e-01	2.533956e-02	-6.621593e-02	1.744429e-01	-5.087870e-02	-1.654494e-01	-3.922086e-01	1.320629e-01	-1.500891e-01	-3.316713e-01	-1.688753e-01	1.397636e-01	-5.419159e-01	-1.679868e-01	1.147628e-01	-6.432758e-02	2.624184e-01	-1.359656e-01	-2.680622e-01	-4.547031e-01	1.248665e-01	3.612686e-01	1.077222e-02	-5.296817e-01	-5.030099e-01	-8.349811e-02	-9.834231e-02	-1.257125e-02	2.418673e-01	3.969068e-01	1.359407e-02	3.252480e-02	-7.180335e-02	9.517419e-02	-3.819708e-01	-2.914806e-01	6.057366e-01	8.614664e-02	-5.345577e-01	4.901084e-01	-4.669530e-01	2.493167e-01	2.665186e-01	-3.683543e-03	2.132358e-01	-1.539573e-02	-1.523957e-01	-2.484852e-02	-4.372656e-02	2.029967e-01	1.063780e-01	1.528369e-02	-3.104507e-01	4.517515e-02	9.806225e-02	-3.848504e-01	1.540717e-01	1.730361e-01	-1.934220e-01	1.182202e+00	-7.440179e-02	-3.769352e-01	-4.371817e-02	-1.878470e-02	-1.073224e-01	1.054375e-01	-4.432188e-01	-2.389699e-01	-1.157293e-01	-3.976200e-01	9.951415e-01	-3.689432e-01	3.198005e-01	-1.286870e-01	-1.852752e-01	7.680379e-01	-1.153622e-01	-9.378580e-01	-7.050328e-03	2.808095e-01	2.023498e-01	-4.876379e-02	-8.708186e-02	6.282983e-01	-6.447967e-01	3.218123e-02	3.482543e-01	-2.915901e-01	2.677553e-02	5.632159e-02	-3.023799e-02	-3.027268e-01	-6.436793e-01	5.881752e-02	1.653392e-01	-2.212173e-01	1.580672e-01	5.628785e-01	2.064205e-01	9.353455e-01	-2.497841e-01	-5.870888e-01	3.332895e-01	-1.049377e-01	-1.867811e-01	-7.060468e-01	7.182250e-01	-2.428191e-01	-1.443980e-01	-2.526219e-01	-3.236449e-01	-2.596939e-01	1.846282e-01	1.124510e-01	3.427770e-01	-2.671241e-01	2.750191e-01	1.035758e-01	-6.478334e-03	2.776478e-01	-9.675451e-03	3.352064e-02	-2.804109e-02	4.690453e-01	2.240608e-01	-5.152253e-02	-6.864658e-01	-1.855235e-01	7.038227e-02	1.886088e-01	5.829481e-02	2.038686e-01	-2.583835e-01	6.651836e-01	6.445937e-01	2.125999e-01	2.612402e-01	2.723269e-01	1.561137e-01	5.365208e-01	1.996679e-01	3.183326e-01	3.475654e-01	4.068100e-01	-1.183466e+00	6.178432e-02	-6.954218e-02	2.382631e-01	1.014450e-01	-6.423959e-02	4.540457e-03	-1.735735e+00	1.210000e-01	2.767893e-02	-2.208894e-01	-1.708463e-01	-5.736700e-01	-7.593384e-02	-2.960505e-01	-1.505357e-01	-3.775932e-02	-1.302631e-02	-2.362929e-02	-2.123507e-01	6.252261e-02	-2.813101e-01	-5.415358e-01	-2.145263e-01	1.241640e-01	-1.518138e-02	4.681952e-02	7.816605e-02	-2.495683e-01	8.793850e-02	-4.579037e-01	-1.349826e-01	6.160448e-02	5.626396e-01	-2.439092e-03	-5.033872e-01	-5.238723e-02	-1.051799e-01	-7.536022e-02	6.826699e-02	-1.771177e-01	-9.189679e-02	-1.639200e-01	-5.514340e-01	-1.981233e-01	2.761221e-01	1.465610e-01	-1.157060e-01	4.256032e-02	-5.064989e-01	-1.430105e-01	-1.223066e-01	3.896267e-01	4.289689e-01	-2.386831e-01	2.210563e-01	-9.299380e-02	-4.276794e-01	2.396356e-01	-2.161434e-01	1.067384e-01	-5.066161e-01	2.034644e-01	-1.102133e-01	-3.821465e-02	-2.728538e-02	7.087438e-01	-1.680252e-01	-3.620590e-02	7.700954e-02	2.218208e-01	2.454029e-02	3.754682e-01	7.419006e-02	5.399680e-01	-9.390295e-02	-1.897088e-01	-9.150692e-01	5.863200e-02	7.810293e-03	-1.107751e-01	-1.415168e-01	1.947651e-01	5.340087e-01	1.345262e-01	3.481832e-01	-7.504632e-02	-7.382599e-02	6.719586e-02	-2.199457e-01	-1.016021e-01	8.828043e-02	-2.771806e-01	-3.196150e-01	-2.472941e-01	-8.207259e-01	-5.065499e-01	-9.013583e-03	-8.087303e-02	3.504396e-01	1.493934e-01	-3.653521e-01	-4.427985e-02	2.368155e-01	-4.589738e-03	-6.794750e-04	8.129141e-02	-2.765470e-01	2.774441e-01	-8.451577e-01	-2.435698e-01	-2.142813e-01	-3.687127e-03	-8.771536e-02	-8.478834e-02	2.998412e-01	-9.881563e-02	3.455783e-01	1.961090e-01	8.188947e-01	-3.973731e-02	2.861373e-01	6.071702e-02	2.269114e-01	1.732730e-02	-2.063019e-01	-1.666025e-02	3.203370e-01	-7.814532e-03	1.048054e-01	-2.056596e-01	5.291744e-01	1.821610e-01	-1.650239e-01	-1.996569e-03	-1.647761e-01	2.590886e-01	-7.646643e-02	-2.701513e-02	1.300521e-01	-2.890825e-02	-1.568904e-02	3.901260e-01	7.436263e-02	-4.354364e-01	-1.110084e-01	3.095725e-01	-1.573676e-02	1.524965e-01	5.438289e-02	-3.580237e-01	3.876898e-02	9.659467e-02	3.641469e-01	-7.935216e-02	4.972030e-01	6.190695e-02	1.844177e-01	-3.133634e-02	2.792078e-01	-1.168199e-01	-2.177245e-02	-8.760322e-02	6.007134e-02	-2.054642e-02	-2.101910e-01	-9.578806e-02	-6.009264e-03	1.372529e-01	-1.839226e-01	-1.723219e-01	3.774422e-01	1.063313e-01	-4.844435e-02	2.881291e-01	1.038032e-01	-8.956210e-01	-1.288377e-01	1.104079e-01	-3.462811e-01	1.021903e-02	-2.330628e-01	3.268654e-01	3.425326e-01	3.113202e-01	-3.635786e-01	-1.352439e-01	-4.928797e-01	-6.913658e-01	4.859219e-02	7.861681e-02	-3.479110e-01	-4.067260e-01	-4.191936e-01	1.329997e-01	-9.169672e-02	-2.015707e-01	-2.829332e-01	4.523293e-02	-4.797106e-01	-4.217091e-01	3.360527e-01	1.113781e-01	2.771456e-01	2.837194e-01	-1.669720e-01	5.145055e-01	1.497984e-01	2.698803e-01	3.321768e-01	1.770512e-01	8.768345e-02	1.382091e-01	-1.349125e-01	3.569053e-02	1.619830e-01	-4.720805e-02	1.232762e-03	1.889791e-02	4.567346e-01	-5.041540e-01	2.370547e-01	-2.868662e-01	2.049364e-01	-3.795154e-02	3.139952e-01	3.792571e-01	-2.846512e-01	-1.099434e-01	3.525576e-01	-4.101957e-01	4.691304e-01	-3.213681e-01	-1.793285e-01	5.407501e-01	-2.120804e-01	3.046045e-01	-1.750043e-01	-1.325485e-01	2.791380e-01	1.575466e-01	1.826144e-02	-3.796899e-01	3.498867e-01	1.574819e-01	6.092232e-01	6.758626e-02	-5.438483e-01	-4.643910e-01	3.219731e-01	-4.525045e-01	-8.848048e-02	3.961431e-01	-1.409703e-01	-2.465427e-01	2.195134e-01	1.640843e-01	4.366147e-02	1.710652e-01	4.057302e-02	-3.157459e-02	1.662830e-01	6.940985e-02	5.341098e-02	-2.982859e-01	-4.613722e-02	-2.128513e-02	-9.192093e-02	-3.829383e-01	1.510195e-01	-2.047480e-02	-8.410952e-02	-1.887894e-01	-1.280808e-01	1.077747e-02	2.363386e-01	-4.825132e-03	-1.108923e-01	-4.759591e-01	-8.118986e-02	2.318437e-01	1.900383e-02	5.726069e-01	1.384110e-01	7.660390e-02	-2.784968e-01	1.035208e-01	-4.940670e-01	-7.164202e-01	-3.701763e-01	-1.692374e-01	-4.752610e-01	-1.392925e-02	2.732981e-01	3.780727e-01	-2.372818e-01	-2.315364e-02	-2.948839e-01	9.695429e-02	-1.077633e-01	7.372093e-02	-4.412178e-01	-3.142598e-01	2.790243e-01	3.210726e-01	-9.369981e-02	-5.668868e-01	-1.731202e-02	1.181966e-01	-1.914121e-01	-2.432477e-02	1.784592e-01	-3.021684e-02	-3.448678e-02	1.931957e-02	-1.821219e+00	-8.164850e-02	-2.936730e-01	-3.092683e-04	-1.190999e-01	2.792167e-01	6.305909e-01	2.034112e-02	-7.931159e-02	5.035958e-02	-3.230953e-01	-2.791995e-01	-3.210361e-03	1.268151e-02	2.915314e-01	1.768319e-01	-5.658954e-02	4.183449e-01	-4.297935e-01	-5.056812e-01	1.189488e-01	-3.196464e-01	-6.520675e-02	-1.487503e-02	7.396945e-02	-3.576704e-01	6.510459e-01	1.233453e-01	2.548346e-01	-3.866054e-01	-8.843765e-01	-4.917259e-02	-3.142663e-01	-9.668454e-02	-1.551872e-01	1.602633e-01	7.778811e-02	
-8.754905e-02	-3.444839e-01	5.865443e-01	-6.922890e-02	2.190002e-01	1.624773e-01	-2.955394e-01	2.161307e-02	4.958648e-02	1.603323e-01	4.739601e-02	5.902879e-01	2.420644e-02	1.574473e-01	-1.233858e-02	-4.039944e-01	7.913966e-01	-1.174394e-01	-2.766978e-01	2.225478e-01	-2.418645e-01	-9.983193e-02	1.264930e-01	1.561948e-01	-1.560771e-01	4.896376e-01	-4.053611e-01	-1.429551e-01	-3.480526e-01	-4.411080e-01	1.675066e-01	5.006343e-01	-3.169873e-01	3.834461e-01	-4.685853e-02	4.104027e-02	-1.695202e-01	3.711671e-02	2.933210e-01	-3.193790e-01	-2.519090e-01	2.238805e-01	-1.158062e-01	6.306823e-02	2.152680e-01	-3.796803e-01	2.270422e-01	-5.290003e-02	-8.873396e-02	8.109887e-01	-1.840602e-01	-1.980407e-01	7.702495e-03	2.277844e-01	-5.764066e-02	2.428227e-01	-5.251092e-03	-1.556047e-01	4.851260e-03	4.231102e-02	-4.428262e-02	1.880566e-01	-3.355183e-01	-2.798560e-01	-7.458240e-02	2.068569e-01	-4.445001e-02	1.590333e-01	2.684388e-01	6.876236e-01	-3.212433e-01	1.069171e-01	6.428067e-01	6.155306e-03	-2.176470e-01	6.375236e-01	1.882305e-01	4.906580e-02	-1.134191e+00	-4.898930e-01	5.756508e-01	2.490748e-01	2.581098e-01	2.455004e-01	-1.404927e-01	5.027980e-01	3.864729e-01	2.367310e-01	6.973159e-01	-3.256352e-01	7.092858e-03	3.417025e-02	1.200735e+00	1.196148e-01	-2.716715e-01	8.271226e-01	7.609268e-02	3.448670e-01	-5.541519e-03	3.468007e-01	-5.365573e-01	-1.479855e-01	4.138319e-01	-1.969941e-01	3.343531e-01	-3.220121e-01	2.404146e-01	-4.820328e-02	5.377236e-02	3.627014e-01	9.591253e-02	4.643552e-02	2.242412e-01	-1.486035e-01	1.656619e-01	-4.984011e-01	-2.513616e-01	2.586953e-01	4.011330e-01	-4.403556e-01	-4.919936e-03	1.518027e-01	-3.036557e-01	2.537268e-01	7.401346e-02	-3.534709e-01	-1.615340e-02	3.282289e-01	1.541050e-02	-3.639890e-02	-8.572804e-02	-3.142835e-01	1.564177e-01	6.596790e-02	3.642805e-01	-2.567500e-01	1.128791e-01	-2.255204e-01	-3.054504e-01	2.876055e-01	-2.833417e-02	2.892240e-01	-1.717995e-01	-1.972015e-01	-3.264677e-01	3.454835e-02	-3.901451e-01	4.724510e-01	-3.858958e-01	-2.197224e-01	-2.667247e-02	4.676632e-01	4.331695e-01	1.047940e-01	-3.678052e-01	-6.811031e-03	4.375584e-01	7.675685e-02	-1.107290e-01	2.507120e-01	-2.557159e-01	2.867577e-01	-5.280678e-01	3.732435e-01	-1.757716e-01	-1.077108e-01	9.105131e-02	-2.574151e-01	-1.895490e-01	1.161894e-01	-6.224877e-02	2.510695e-01	-3.565095e-01	2.433880e-01	5.073984e-01	3.372970e-01	1.673878e-02	2.952206e-01	-1.056372e-01	-4.685089e-01	-5.267158e-01	2.467026e-01	-1.847816e-01	5.388724e-02	2.661904e-01	7.174975e-03	3.708941e-02	2.107470e-01	1.854914e-02	5.329943e-02	-5.186523e-02	-2.656951e-01	-3.411066e-01	3.485771e-01	-9.772903e-02	6.389298e-01	-3.876789e-01	1.364505e-01	-8.252508e-02	2.561556e-01	-6.864623e-01	-1.063077e-01	1.180247e-01	1.670292e-01	-8.609195e-02	4.187872e-01	-1.139278e-01	5.503007e-02	5.200920e-02	7.818807e-01	-3.067148e-01	-2.081267e-02	5.637044e-01	1.470485e-01	4.778730e-01	6.849854e-02	1.328337e-01	-1.805256e-01	8.197688e-02	1.100483e-01	-1.696924e-02	1.143625e-01	-2.655750e-01	-4.228945e-01	-5.306740e-02	-2.613388e-01	1.504253e-01	2.219114e-01	-1.167826e-01	-3.803831e-01	-6.157057e-01	-2.518719e-01	-1.080662e-01	3.030242e-01	-1.212810e-01	1.669408e-01	3.521394e-01	2.298370e-02	-2.004919e-01	5.813843e-02	-2.226666e-01	3.299539e-01	-4.071946e-02	9.584040e-02	1.553387e-01	-1.953599e-03	-2.572763e-01	-5.665108e-01	1.882819e-01	3.265694e-02	-1.678811e-01	9.923895e-02	-1.456479e-01	-2.335427e-01	-4.060739e-01	-5.213562e-02	8.569191e-02	-1.894127e-01	2.501517e-01	-3.737720e-01	9.530234e-02	-6.231297e-01	-1.397446e-01	2.403671e-01	4.288270e-01	2.898426e-01	2.025355e-01	5.005867e-01	-1.465180e-01	2.019401e-01	-3.222679e-01	4.678070e-01	3.599363e-01	1.171353e-01	9.413371e-02	3.417431e-01	-3.873357e-02	-4.701727e-02	-2.612173e-01	9.766065e-02	8.434387e-02	-1.858642e-01	3.440455e-03	2.829088e-01	-5.285724e-01	-2.216174e-01	2.028055e-01	-2.728764e-01	1.580338e-01	-3.137265e-01	-4.143713e-01	-4.379462e-01	2.350498e-01	4.327191e-01	1.384339e-01	-2.033756e-01	-5.598195e-01	-2.441580e-01	-6.778089e-02	-1.138818e-01	1.295438e-01	5.139583e-01	-3.629209e-02	1.314750e-01	-3.181633e-01	7.383657e-02	-3.915525e-01	-3.593963e-01	6.607589e-01	1.871883e-01	-4.809043e-01	2.835623e-01	-5.460545e-01	4.440575e-01	2.901471e-01	1.672693e-01	2.753223e-01	-1.820756e-02	-2.727103e-01	1.524243e-02	-3.994856e-03	2.287942e-01	1.849207e-01	1.925919e-01	-3.806105e-01	-1.455139e-01	7.188292e-02	-6.855685e-01	6.582370e-03	2.123162e-01	-2.555856e-01	1.081255e+00	-3.882248e-03	-4.719482e-01	2.274036e-01	-1.424671e-01	-7.769031e-02	7.074837e-02	-8.063094e-01	-1.626544e-01	1.481994e-01	-3.243582e-01	7.183279e-01	-4.427120e-01	1.777714e-01	-1.245566e-01	-1.566462e-01	9.243378e-01	-2.934193e-02	-9.413367e-01	-5.960150e-03	2.044135e-01	1.717026e-01	3.961463e-02	-1.882629e-01	3.384275e-01	-7.384343e-01	1.300647e-01	3.371031e-01	-2.285745e-01	4.287893e-02	3.066843e-01	3.471097e-02	-2.536214e-01	-6.173254e-01	-7.208832e-02	1.506136e-01	3.150319e-02	2.784334e-01	8.011764e-01	2.572523e-01	6.488767e-01	-4.394917e-01	-5.828948e-01	4.413467e-01	-8.892586e-02	-1.109257e-01	-5.934606e-01	9.527485e-01	-8.992919e-02	-1.491722e-01	-1.505489e-01	-3.798401e-01	-3.118231e-01	1.018596e-01	1.216016e-01	1.829131e-01	-5.419803e-03	3.025193e-01	1.124265e-01	-2.812321e-02	4.203079e-01	-1.492464e-01	-7.693869e-03	-6.315535e-02	2.888751e-01	1.925485e-01	9.914088e-02	-5.600470e-01	-1.198966e-01	9.644327e-02	1.129090e-01	-4.697068e-03	1.149607e-01	-4.350679e-01	6.382142e-01	6.268808e-01	1.290775e-01	2.397128e-01	2.855514e-02	1.192419e-01	5.330301e-01	2.897824e-01	3.927299e-01	3.362200e-01	4.956267e-01	-1.001073e+00	2.286013e-01	-1.450291e-01	9.774776e-02	1.613359e-01	-4.260641e-02	1.532639e-02	-1.647868e+00	-6.719182e-02	-5.754058e-02	3.570397e-02	-2.998655e-02	-3.024846e-01	-2.279788e-01	-3.795799e-01	-7.469312e-02	-1.399745e-02	-1.480671e-01	-1.280186e-01	-9.647787e-02	6.857967e-02	-1.378366e-01	-4.234685e-01	-3.634306e-01	1.379843e-01	-2.698710e-01	-3.448956e-02	4.438712e-03	-1.056836e-01	8.386892e-02	-5.918128e-01	-2.996267e-01	3.071126e-03	7.067112e-01	-1.270453e-01	-3.810274e-01	9.120767e-02	-1.392451e-01	-1.372576e-01	-1.420828e-01	-2.065654e-01	-2.315223e-02	-1.550087e-01	-7.050164e-01	-1.313549e-01	2.990458e-01	3.710564e-01	-4.719811e-02	-1.638234e-01	-4.614473e-01	-1.935681e-01	-2.164063e-01	1.079424e-01	3.555491e-01	-3.300455e-01	2.156007e-01	-8.669939e-02	-2.295167e-01	3.226912e-01	3.630754e-02	6.754820e-02	-4.487052e-01	4.854100e-01	8.788332e-02	2.653968e-02	1.567982e-01	8.610141e-01	-2.525687e-01	9.625462e-02	6.131656e-02	2.422180e-01	1.418445e-01	2.956727e-01	2.165611e-01	3.208835e-01	-1.289545e-01	-3.913952e-01	-1.009988e+00	2.195408e-01	3.826139e-02	-1.461886e-02	-3.180284e-01	4.419973e-01	5.139620e-01	2.020452e-01	3.105874e-01	-1.815037e-01	-9.418249e-02	1.203889e-03	-9.779011e-02	-1.579404e-01	4.170092e-02	-1.999530e-01	-3.962672e-01	-2.937325e-01	-9.674928e-01	-4.263669e-01	1.456410e-01	9.727004e-03	1.923205e-01	1.316375e-01	-3.202634e-01	1.487117e-01	2.593963e-01	2.487844e-02	5.983811e-02	-1.410741e-02	-4.083562e-01	3.807845e-02	-9.020377e-01	-9.681372e-02	-1.356730e-01	-2.694740e-02	-1.595627e-01	-1.906449e-01	1.634407e-01	-2.676039e-02	4.056335e-01	1.851483e-01	6.829073e-01	-6.930198e-02	3.080831e-01	-7.373893e-02	1.532162e-01	-4.107532e-02	-1.604775e-01	6.449223e-02	4.264164e-01	-2.551305e-02	1.094550e-01	-9.870327e-02	2.936234e-01	2.568928e-01	-2.795475e-01	-1.209841e-01	-8.613644e-02	2.171046e-01	-5.081243e-02	-5.723422e-02	3.204270e-01	1.133479e-02	-1.443086e-01	2.176549e-01	-5.803921e-02	-1.929629e-01	-4.159591e-02	1.150980e-01	-1.177244e-01	1.405949e-01	1.947953e-01	-4.532455e-01	-3.327051e-02	1.105306e-01	3.699226e-01	-1.274248e-01	5.643595e-01	-6.402378e-02	8.148985e-02	-3.560572e-02	2.951332e-01	-9.693515e-02	1.680142e-01	1.904438e-02	5.438050e-02	1.016327e-02	-2.642531e-01	-1.358896e-01	-5.539240e-03	3.088052e-01	-5.231590e-02	5.654079e-02	2.147705e-01	4.058516e-02	-1.304772e-01	3.676476e-01	7.167182e-02	-8.640931e-01	-1.027099e-01	1.817599e-02	-2.677332e-01	1.372361e-01	-2.945904e-01	3.987657e-01	1.719875e-01	3.522201e-01	-3.156335e-01	-1.616074e-01	-3.611890e-01	-6.447355e-01	3.659167e-01	3.246896e-01	-1.894602e-01	-3.145214e-01	-5.096897e-01	1.341814e-01	-1.580215e-01	-1.868706e-01	-3.039684e-01	-5.118038e-02	-2.479784e-01	-4.576720e-01	4.276524e-01	8.999867e-02	3.195968e-01	1.101368e-01	-1.443842e-01	5.198252e-01	9.104369e-02	4.299984e-02	1.172604e-01	-7.407656e-02	1.840178e-01	6.499610e-03	-1.068084e-01	-1.095245e-01	1.622321e-01	1.894937e-02	-2.094372e-01	6.617203e-02	2.800890e-01	-3.586814e-01	3.289100e-01	-2.076107e-01	3.211118e-01	-7.107075e-02	2.044419e-01	1.853827e-01	-2.248849e-01	-1.759428e-01	1.237322e-01	-1.094559e-01	3.861196e-01	-3.041027e-01	-1.387138e-01	9.901558e-01	-2.754132e-01	1.274268e-01	-3.571022e-01	-1.977879e-02	7.103916e-01	1.555875e-01	-1.181173e-01	-5.509148e-01	4.601732e-01	1.890967e-01	4.196641e-01	2.744719e-01	-4.556316e-01	-4.675976e-01	4.667280e-02	-4.503585e-01	-9.767416e-02	4.329872e-01	-1.368210e-01	4.956929e-02	3.481476e-01	4.972431e-02	1.568876e-01	2.527744e-01	1.997823e-01	-1.078346e-01	9.161136e-02	-1.394587e-01	-1.324182e-01	-9.875450e-02	2.995570e-02	6.330417e-02	-1.344528e-01	-1.833721e-01	-3.244588e-02	-2.618032e-02	-3.894847e-01	-5.934251e-02	1.341791e-02	-7.182484e-03	-3.587002e-02	-6.844023e-02	-1.024141e-01	-4.823439e-01	-2.066105e-01	1.997510e-01	-1.343764e-01	4.260478e-01	9.767728e-02	1.669787e-01	-3.333178e-01	2.276988e-01	-5.288727e-01	-6.399261e-01	-4.259686e-01	-3.147721e-01	-3.970561e-01	2.805259e-02	3.023972e-01	6.304069e-01	-3.984262e-01	1.174702e-01	-4.324754e-01	-1.168280e-02	-1.028631e-01	1.840176e-01	-4.237066e-01	-1.921395e-01	3.261147e-01	1.865828e-01	-1.570027e-02	-6.187602e-01	-4.712154e-02	1.068017e-01	-2.515438e-02	-1.669058e-01	2.952431e-01	-7.188498e-02	1.166755e-01	3.819892e-02	-1.853664e+00	-2.285525e-01	-1.966078e-01	2.670531e-01	-1.090407e-01	2.867625e-01	5.735551e-01	-5.170550e-02	-1.917152e-03	1.095562e-01	-1.969128e-01	-1.571213e-01	-1.830579e-01	1.695952e-03	7.435701e-02	4.531837e-01	-1.962416e-02	2.320525e-01	-6.292595e-01	-5.431091e-01	1.955541e-01	-3.116586e-01	-8.820840e-05	-1.912399e-02	1.168294e-01	-5.332848e-01	6.362389e-01	4.281719e-02	1.954903e-01	-2.835647e-01	-1.082951e+00	2.308391e-01	-4.958647e-01	-4.958290e-04	-1.615014e-01	2.383478e-01	-1.654405e-02	
4.169226e-01	-1.551797e-01	2.979969e-01	3.849320e-02	4.179520e-01	9.766538e-02	-1.341180e-01	-1.094098e-01	8.327726e-02	4.138939e-01	4.930970e-02	3.615515e-01	1.919603e-01	9.999973e-02	1.789211e-01	-2.731573e-01	2.435656e-01	-1.958979e-01	-1.837219e-01	1.268980e-01	2.030700e-02	4.090283e-02	1.507456e-01	8.795489e-02	-2.244976e-01	5.186540e-01	-4.061466e-02	-4.892667e-02	8.157572e-02	-2.450150e-01	1.101121e-01	1.768382e-01	-1.842310e-01	3.425772e-01	-6.642661e-02	1.120348e-01	-2.584521e-01	5.009000e-01	2.388045e-01	-2.367222e-01	-1.925391e-01	-4.017054e-02	-7.900397e-02	-1.095596e-01	1.931629e-01	-4.065318e-01	3.725975e-01	2.456286e-01	2.212732e-01	3.775255e-01	1.563963e-02	-4.832891e-02	-1.855709e-01	-5.951367e-02	9.616238e-02	1.344869e-02	8.719204e-02	1.463047e-01	5.274071e-02	5.699353e-02	1.692251e-02	8.074879e-02	-1.071839e-01	-1.753840e-01	-1.394689e-02	2.709624e-01	-2.818967e-02	2.335978e-01	4.548514e-01	2.386365e-01	-1.202965e-01	2.425192e-01	1.374554e-01	-1.064526e-01	-2.976049e-01	5.731752e-01	2.112261e-01	-9.745765e-02	-6.570844e-01	-3.437905e-01	4.469129e-01	1.708337e-01	-2.686577e-02	1.853192e-01	-5.392333e-03	3.624215e-01	3.552717e-01	7.577883e-02	3.030902e-01	-3.502249e-01	-1.127402e-01	3.868753e-02	9.793777e-01	1.510684e-01	-3.008502e-01	4.353841e-01	3.193726e-01	1.553900e-01	1.007855e-01	2.372614e-01	-2.926414e-01	1.292992e-01	5.233246e-01	4.892877e-03	-2.171639e-01	-2.434560e-01	8.955149e-02	-2.065201e-02	4.168262e-02	4.823767e-01	1.408433e-01	1.243456e-01	2.917002e-01	-2.493920e-01	9.106793e-02	-2.929721e-01	-9.310117e-02	3.147435e-01	2.584352e-01	2.518957e-02	-1.593954e-02	1.134688e-01	-1.584432e-01	3.723359e-01	3.171216e-02	-3.339627e-01	-1.797629e-01	-1.474986e-01	-5.184829e-03	-1.525977e-01	-1.383861e-01	1.468409e-01	1.267922e-01	1.899000e-01	3.679229e-01	7.399479e-03	4.582133e-01	1.866809e-01	-6.722626e-02	4.962532e-01	-2.061504e-01	2.568092e-02	-3.364888e-01	-1.203215e-01	-3.114006e-01	6.641907e-02	-4.987489e-01	1.669640e-01	-2.963258e-01	-2.147634e-01	-1.845177e-01	3.494556e-01	3.939194e-01	2.187740e-01	-1.463741e-01	-3.263173e-02	3.247773e-01	9.584899e-02	-1.896214e-01	2.560238e-01	6.302617e-02	3.911253e-01	-2.303460e-01	-5.726495e-02	-1.022907e-01	-4.724529e-02	7.190883e-02	-1.674478e-01	-3.062834e-01	1.654766e-01	-2.191660e-01	2.477994e-01	-1.729990e-01	1.778962e-01	4.593201e-01	2.086809e-01	1.456716e-01	1.384654e-01	-2.558712e-01	-3.427643e-01	-6.242917e-01	3.357274e-01	1.559481e-01	-7.073876e-02	-4.301250e-02	2.391345e-02	2.673987e-01	2.920852e-02	-1.168159e-01	-2.349265e-02	-3.615941e-02	-1.488613e-01	-3.385329e-01	2.546303e-01	-2.729596e-01	2.853610e-01	-5.647385e-02	4.112109e-01	-4.424053e-02	3.346842e-02	-4.713065e-01	7.565377e-02	-5.736876e-02	1.799389e-02	-6.596211e-02	5.077817e-01	-1.980013e-01	1.166210e-01	-1.187905e-01	3.969505e-01	-1.647310e-01	-1.623593e-01	1.828939e-01	-2.368797e-02	3.858935e-01	3.212566e-02	-1.564187e-01	-1.751043e-01	1.625427e-01	-1.888602e-02	-3.704435e-02	-2.621439e-02	-3.434225e-01	-1.674799e-01	-2.798624e-01	-6.711153e-02	1.865236e-02	8.952595e-02	2.869650e-02	-4.046430e-03	-2.963203e-01	-2.261698e-01	-2.733171e-01	3.500478e-02	-3.573469e-01	1.574791e-01	4.142870e-01	-2.394475e-01	-2.178445e-01	1.996806e-01	-1.034008e-01	2.059449e-01	-6.030017e-03	-6.384733e-02	2.029029e-01	2.086542e-01	1.018616e-01	-6.364423e-01	1.981701e-02	-3.016512e-02	-3.961865e-01	2.976518e-01	1.671395e-01	-6.312688e-02	-2.316420e-01	1.770118e-01	-2.366970e-01	2.541924e-02	-6.193878e-02	-2.180909e-01	2.422988e-01	-4.224719e-01	-2.046370e-01	1.097589e-01	-1.562285e-02	1.162222e-01	1.628039e-01	8.279780e-02	-4.283258e-02	3.039225e-01	-3.786227e-01	2.615929e-01	7.013504e-02	-1.951753e-01	-2.291664e-01	-5.724202e-02	5.672697e-02	-2.880678e-01	-1.017966e-01	1.321826e-02	7.178308e-02	-3.448348e-01	3.643951e-02	-6.559888e-02	-1.873111e-01	-4.611400e-02	2.838024e-01	-1.988117e-01	2.426133e-01	-1.010488e-01	-3.275065e-01	-2.794308e-01	-5.857357e-03	4.296297e-01	-4.521676e-02	-2.565364e-01	-5.330070e-01	-4.978304e-02	-2.156660e-01	-6.448650e-02	1.138429e-01	2.222881e-01	-1.497332e-01	-1.153223e-02	-5.824737e-01	-8.988580e-02	-1.393899e-01	-2.963147e-01	5.609540e-01	2.312748e-01	-3.061053e-01	2.017664e-01	-3.222557e-01	2.884381e-01	2.109773e-01	-4.842247e-01	2.348457e-01	-1.472030e-01	-3.773366e-01	8.097541e-02	-2.082593e-01	-1.560922e-02	1.175367e-01	-8.835263e-04	-7.112070e-02	-1.653827e-01	6.213586e-02	-3.050000e-01	2.810373e-01	1.386697e-01	1.328112e-01	1.620739e+00	-3.729435e-02	-6.355994e-01	1.903231e-01	2.129801e-01	-7.766125e-02	8.172730e-02	-2.441075e-01	-2.913747e-01	-1.201413e-01	-1.950102e-01	6.627206e-01	-3.435227e-01	2.893015e-01	1.666299e-02	-1.280047e-02	8.671941e-01	-4.817344e-02	-1.542974e-01	2.572333e-01	2.081486e-01	1.295617e-01	8.122671e-02	-6.170242e-02	2.797123e-02	-6.092806e-01	2.351784e-02	2.695583e-01	-2.601549e-01	-1.439668e-01	2.675760e-02	-1.527935e-01	-2.980968e-01	-4.134724e-01	9.939521e-02	-4.930672e-02	-1.489382e-01	2.577591e-01	3.237018e-01	1.545589e-01	2.182475e-01	-5.066153e-01	-4.131085e-01	1.670449e-01	-9.445449e-02	-1.064104e-01	-5.273679e-01	3.696314e-01	-1.426593e-01	-9.525348e-02	-2.498372e-02	-4.856914e-01	5.194652e-04	1.268471e-01	-8.512839e-02	2.657164e-01	-2.181673e-02	2.164109e-01	1.255844e-01	3.733040e-02	2.994781e-01	4.121906e-02	-6.009722e-02	-1.320236e-01	2.120725e-01	2.229885e-02	8.077955e-02	-4.832694e-01	-8.820029e-02	9.965118e-02	1.179791e-01	1.936640e-01	-1.290362e-01	2.279985e-02	2.362475e-01	6.462306e-01	2.299198e-02	2.105311e-01	2.085564e-02	3.149450e-01	2.757805e-02	2.190816e-01	4.789882e-02	3.763900e-01	4.433367e-01	-6.465189e-01	2.234415e-02	-2.231960e-01	-1.048279e-01	1.815256e-01	1.402151e-01	9.553119e-02	-1.059002e+00	1.997516e-01	1.302659e-01	-5.935303e-02	1.082794e-01	-6.149331e-01	-1.645499e-01	-2.867710e-01	-3.769532e-01	-2.395679e-01	-4.183291e-01	-5.231216e-02	1.322620e-01	2.063790e-02	-2.231279e-01	-5.348021e-02	1.506833e-01	6.589346e-02	7.483338e-02	-1.331219e-02	5.600096e-02	-4.850017e-02	4.287400e-01	-4.042011e-01	-1.308344e-01	3.580073e-01	5.119124e-01	3.991459e-02	1.653965e-01	-2.283491e-01	-4.699920e-02	-2.946187e-01	5.749597e-02	-3.774704e-01	6.333227e-02	-1.162021e-01	-3.150831e-01	-1.204040e-01	2.799000e-01	1.882134e-01	-4.932474e-03	-1.854332e-02	-3.246825e-01	-1.320153e-01	-1.710654e-01	-5.708114e-02	1.220748e-01	-1.671098e-01	1.896232e-01	-5.561472e-02	-3.125868e-01	4.208441e-02	7.167018e-03	5.201032e-02	-4.422421e-01	1.565949e-01	-6.980651e-03	-1.347133e-01	1.698982e-01	5.121013e-01	-1.455801e-01	-3.323288e-02	-6.238944e-03	1.311316e-01	-4.405768e-02	2.491417e-01	1.915233e-01	5.674624e-01	2.122993e-02	1.679469e-02	-3.970509e-01	1.312112e-01	2.936347e-02	-4.909310e-01	-1.676744e-01	5.779135e-01	4.547460e-01	-8.460125e-02	2.746036e-01	-1.409298e-01	1.003181e-01	-8.227741e-02	-1.726577e-01	-2.123594e-01	3.937650e-02	2.630382e-02	-2.273750e-02	-5.284309e-02	-8.044860e-01	-4.105710e-01	1.547297e-01	-4.781460e-02	2.661868e-02	2.893874e-01	-5.072208e-03	-1.621220e-02	-1.123444e-01	1.112161e-01	8.230802e-02	1.401698e-01	-4.649662e-01	-2.033655e-01	-6.142166e-01	-2.586739e-01	-1.109987e-01	2.468334e-02	-4.866638e-02	-2.122739e-01	1.601022e-01	-1.508628e-01	4.096587e-01	8.895373e-02	1.974437e-01	1.310927e-01	2.204170e-01	2.751499e-01	1.286314e-01	-3.188805e-03	1.119477e-02	-1.012211e-01	2.370887e-01	2.777865e-02	7.864185e-02	-1.633365e-01	2.615935e-01	7.924615e-02	-2.564249e-02	1.693173e-01	-3.227353e-02	-2.920436e-02	-1.612021e-01	-1.317666e-01	1.516977e-01	8.781394e-02	-9.995073e-02	2.030937e-01	5.073101e-02	9.271184e-02	-6.049430e-03	2.261669e-01	-1.171445e-01	5.342002e-02	2.267119e-01	-4.072738e-01	-1.382389e-01	1.512354e-01	2.361819e-01	-1.497316e-01	7.046259e-01	-2.520671e-01	2.142990e-01	-8.429911e-02	2.979344e-01	-9.728468e-02	3.936007e-02	1.271099e-01	6.568740e-02	8.736360e-02	-9.848511e-02	-5.547784e-02	3.292788e-02	8.819250e-02	-1.139427e-01	-1.141427e-01	3.801427e-01	1.476729e-01	-1.530924e-01	2.066437e-01	3.299029e-01	-5.726669e-01	-4.636278e-02	-6.627662e-02	-8.610421e-02	6.334885e-02	-3.901478e-01	2.831761e-01	1.664846e-01	5.196176e-02	-3.837780e-01	-4.162588e-01	-3.378536e-01	-5.132013e-01	9.592931e-02	2.523234e-01	-3.113834e-01	-5.065386e-01	-1.808624e-01	-1.186860e-01	-2.250667e-01	-1.972592e-01	-4.335096e-03	1.423355e-01	-5.149155e-01	-1.010318e-01	2.312857e-01	1.153344e-01	3.994488e-01	3.120705e-01	-2.340882e-01	3.181918e-01	6.140404e-03	2.075620e-01	2.058187e-01	3.541482e-01	9.364666e-02	-1.157996e-01	-1.032261e-02	1.519826e-01	2.971932e-01	1.959075e-01	-1.786307e-01	3.224607e-02	1.335509e-01	-3.323658e-01	2.132617e-01	-1.492177e-01	3.098685e-01	-7.996283e-02	2.184542e-01	3.050353e-01	-8.475857e-02	1.725928e-02	1.285052e-01	-3.051106e-01	4.434276e-01	1.651053e-03	8.935769e-02	5.695485e-01	-1.439952e-01	3.099132e-01	-2.191085e-01	-1.685998e-01	9.661678e-02	-1.787051e-01	9.829172e-02	-3.524869e-01	2.930436e-01	1.204818e-01	5.135397e-01	-1.695841e-01	-3.326901e-01	-2.288976e-01	-2.764297e-02	-2.982554e-01	-9.874109e-02	2.030914e-01	-1.175439e-01	8.373728e-02	1.917931e-01	8.889160e-02	-3.659086e-02	3.068420e-01	-9.943324e-02	4.013832e-02	3.143846e-02	2.624308e-01	-3.933385e-02	-1.968531e-02	-4.136236e-02	1.602761e-02	1.138476e-01	-4.081053e-01	-4.679449e-02	-1.737220e-01	-1.068851e-01	-7.483351e-02	8.376221e-02	-6.922228e-02	1.092696e-01	3.142636e-01	-2.662807e-01	-6.958309e-01	-1.881421e-01	-1.929175e-01	-2.011016e-01	4.485243e-01	-6.618132e-02	-1.395602e-01	-7.227526e-01	-7.305683e-02	-1.069483e-01	-4.961263e-01	-3.515237e-01	-1.471213e-01	3.950658e-02	8.548353e-02	4.865817e-01	4.357646e-01	-1.582239e-01	5.287950e-02	-2.018264e-01	-1.012697e-01	1.189466e-01	1.928910e-01	-3.575729e-01	-1.767060e-01	4.030621e-01	1.710328e-03	-1.915165e-01	-2.983010e-01	1.768026e-01	2.506317e-01	-2.623272e-01	-2.002480e-01	1.958021e-01	1.162391e-01	-1.075083e-01	5.568103e-02	-1.566289e+00	-6.961268e-02	-3.516858e-02	6.010208e-02	6.950121e-02	2.722299e-02	6.683999e-01	-6.949896e-02	1.674008e-03	-2.134136e-02	-2.949286e-01	-2.803017e-01	-1.386744e-01	3.322495e-02	1.572765e-02	1.075340e-01	1.236500e-01	4.222573e-01	-1.755813e-01	-1.828204e-01	6.987926e-03	-3.018851e-01	-1.257976e-01	-4.455944e-03	1.628940e-01	-2.498589e-01	2.349558e-01	-4.846647e-02	2.858357e-01	-3.933617e-01	-6.077562e-01	2.031068e-03	-2.027654e-01	1.220275e-01	-6.288047e-02	-7.700162e-02	-1.463672e-01	
-3.379369e-01	-4.617696e-01	7.390187e-01	-9.975187e-02	3.401017e-01	-3.483147e-02	8.056812e-04	-1.584823e-01	2.205235e-01	5.363056e-03	-3.312894e-01	6.554798e-01	1.291270e-01	2.926379e-01	7.057293e-02	-3.487028e-01	3.952373e-01	-2.104706e-01	-1.972658e-01	-1.437493e-01	-4.343962e-01	-1.187484e-01	3.263477e-01	5.214258e-02	9.435280e-02	5.543701e-01	-2.811707e-01	-8.228044e-03	-2.889796e-01	-3.179319e-01	1.093499e-01	2.249108e-01	-2.475672e-01	3.499396e-01	-7.521903e-03	2.551441e-01	-9.107122e-02	8.154041e-03	4.263638e-01	-3.445919e-01	-4.018606e-01	4.037790e-01	-3.796194e-01	-1.144120e-01	-9.188800e-02	-4.131175e-01	7.554474e-02	-1.448763e-01	-1.195601e-01	7.740068e-01	-6.389693e-02	-1.718408e-02	1.083128e-01	2.510649e-01	2.749647e-01	1.936960e-01	2.404388e-01	-2.468947e-01	2.293357e-01	-6.393009e-02	-1.370600e-01	3.949886e-03	-3.878447e-01	-1.428066e-01	-2.490249e-01	3.560948e-01	-1.967700e-01	1.016049e-01	1.992729e-01	2.820365e-01	-1.528129e-01	3.603751e-02	6.162859e-01	-4.895143e-02	-2.431021e-01	8.047528e-01	-2.445935e-02	1.179207e-01	-5.021421e-01	-3.781150e-01	5.683950e-01	4.244835e-01	-1.513258e-01	1.381440e-01	-2.446114e-01	4.679265e-01	3.810207e-01	3.555759e-01	6.939331e-01	-2.150358e-01	-1.864976e-02	1.810063e-01	7.199209e-01	-1.385097e-01	-2.422402e-01	5.897371e-01	-6.160074e-03	2.915182e-01	7.430911e-03	7.965732e-02	-3.765740e-01	-2.282462e-01	4.683326e-01	-1.232067e-01	1.495384e-01	-8.665479e-02	2.244509e-01	8.066697e-02	-9.502706e-02	5.549138e-01	-1.319335e-01	7.073779e-02	1.738888e-01	-3.562857e-02	5.901038e-01	-1.909172e-01	-2.971837e-01	-2.620738e-02	2.067445e-01	-4.441552e-01	-1.910880e-01	1.430491e-01	-2.837964e-01	2.141467e-01	1.526984e-01	-1.406739e-02	1.198078e-01	-1.110171e-01	-3.995090e-02	1.258099e-01	-2.293747e-01	3.129896e-02	2.152178e-01	1.725532e-01	4.199776e-01	-2.221859e-01	4.859425e-01	-1.537230e-01	1.516394e-03	7.557774e-01	-7.948922e-02	-6.400590e-03	-1.965062e-01	-6.020903e-03	-1.802569e-01	1.748193e-01	-2.755297e-01	4.432247e-01	-3.309637e-01	-4.919706e-02	2.032306e-04	3.482990e-01	4.957033e-01	5.642698e-02	-6.235058e-02	2.067621e-01	4.691019e-01	7.112096e-02	-2.796152e-01	3.576739e-01	-1.239641e-02	3.350181e-01	-6.024551e-01	1.544397e-01	-4.537693e-02	-2.597963e-01	1.857770e-02	-2.168232e-01	-2.257257e-01	2.973258e-02	4.237440e-02	1.513175e-01	-3.565400e-01	3.034418e-01	1.763268e-01	4.559562e-01	-1.431984e-01	8.151342e-02	-3.902578e-02	-4.263735e-01	-3.215142e-01	1.835262e-01	-7.223865e-02	-6.056846e-02	1.031078e-01	8.968201e-02	1.342222e-01	7.650639e-02	-1.181768e-01	-6.355942e-02	-2.064322e-01	-3.256937e-01	-6.134690e-01	3.565795e-01	-1.972105e-01	6.184215e-01	-2.224731e-01	7.030327e-02	-1.523280e-01	1.188360e-01	-7.516870e-01	6.573659e-02	2.166964e-01	1.283296e-01	-1.667790e-01	5.090454e-01	7.000146e-02	-3.818313e-02	4.799791e-02	6.086881e-01	-3.838747e-01	-1.599019e-01	5.111652e-01	1.800852e-01	2.501810e-01	1.424443e-01	4.228184e-02	4.929667e-02	1.270874e-01	3.838604e-02	2.337147e-02	2.265487e-01	-3.908442e-01	-3.483439e-01	-1.265985e-01	-3.110445e-01	1.489802e-01	1.772285e-01	-2.547047e-01	-3.238697e-01	-6.441993e-01	-2.680052e-01	-3.299440e-01	2.107794e-01	-1.738649e-01	1.287419e-01	2.700617e-01	6.846443e-02	-2.467507e-01	2.256764e-01	-1.673529e-02	3.282028e-01	-1.059318e-01	-8.974357e-02	1.126236e-01	4.099196e-03	-1.729790e-01	-4.683064e-01	-1.702979e-02	5.543571e-02	-2.850467e-01	2.700406e-01	-2.206530e-01	-2.304933e-01	-3.713689e-01	-1.219834e-02	8.797000e-02	-1.559940e-01	1.344065e-01	-5.092750e-01	2.841451e-01	-6.586497e-01	-1.532296e-02	3.429186e-01	2.157521e-01	3.502120e-01	8.466477e-02	4.392403e-01	-1.180260e-01	4.040288e-01	-2.944366e-01	4.442387e-01	3.626339e-01	-8.349083e-02	2.586010e-02	1.443184e-01	6.258979e-04	2.300363e-01	-5.575489e-01	5.458047e-02	1.793987e-01	-1.078348e-01	-3.636281e-02	3.200588e-01	-3.484123e-01	-4.863190e-02	2.864333e-01	-3.037456e-01	4.814982e-01	-1.541774e-01	-1.873830e-01	-4.124554e-01	3.453071e-01	4.876371e-01	-1.589628e-02	-3.757788e-01	-4.859867e-01	-1.997308e-01	1.207836e-01	-5.247906e-02	2.245649e-02	5.109394e-01	-1.042413e-01	1.561098e-01	-3.661002e-01	5.948915e-02	-4.280359e-01	-4.346424e-01	7.217624e-01	1.126394e-01	-6.879823e-01	6.906635e-01	-4.573824e-01	5.795375e-01	4.966619e-01	-6.734439e-03	-3.241276e-02	-2.813675e-01	-4.080811e-01	1.614015e-01	1.922983e-02	3.208829e-01	5.900942e-01	2.983415e-01	-6.068360e-01	-2.583790e-01	1.085299e-01	-5.676117e-01	7.710948e-02	2.239225e-01	-4.533386e-01	1.331583e+00	1.907848e-01	-3.668869e-01	1.335947e-01	6.004727e-02	8.911187e-02	1.254134e-01	-6.587588e-01	-2.134465e-01	-2.530260e-02	-1.908104e-01	9.249851e-01	-2.723950e-01	4.360682e-01	-1.301483e-01	-2.153220e-01	7.817005e-01	-5.933466e-02	-6.426739e-01	-1.679428e-02	3.159892e-01	1.794038e-01	9.754010e-02	-2.828107e-01	3.044345e-01	-6.000475e-01	5.097726e-02	1.595248e-01	-1.547204e-01	-7.021128e-02	4.086421e-01	1.803038e-01	1.745901e-01	-5.355525e-01	7.154873e-02	1.487096e-01	-4.061153e-01	5.640843e-02	5.896663e-01	2.776678e-01	6.486938e-01	-4.477456e-01	-7.178662e-01	4.708005e-01	-1.536273e-01	-1.312090e-01	-2.630190e-01	9.513255e-01	-2.607748e-01	-1.969153e-01	-1.965474e-01	-5.791199e-01	-4.051594e-01	1.513861e-01	-2.835357e-02	2.166823e-01	-6.463582e-02	6.049942e-01	3.029025e-01	1.266495e-02	1.720505e-01	-1.093441e-02	-6.516200e-02	1.440380e-01	2.339331e-01	2.197705e-01	2.253512e-01	-8.393070e-01	1.086339e-02	2.387497e-05	3.218941e-01	-9.406027e-02	8.581346e-02	-2.635837e-02	5.403234e-01	2.097657e-01	-4.115003e-02	2.292619e-02	-1.377505e-01	1.570240e-01	3.578593e-01	2.186866e-01	3.956450e-01	2.720959e-01	3.676141e-01	-5.741379e-01	2.946575e-01	1.441300e-01	3.712426e-01	2.382125e-01	-7.201508e-02	1.593070e-01	-1.502023e+00	-6.742207e-02	8.683893e-02	3.877665e-02	-1.516522e-01	-3.091471e-01	-1.694700e-01	-5.095518e-01	-4.811385e-01	-1.156355e-02	-2.150012e-01	-9.713999e-02	-2.088190e-02	5.179689e-02	1.178690e-01	-4.901792e-01	-9.597183e-02	7.587086e-02	-2.700052e-04	5.667618e-02	-9.375126e-02	-9.215961e-02	2.096846e-01	-7.985701e-01	-1.162384e-01	-9.031137e-02	5.082785e-01	-2.773930e-01	-1.426154e-01	-4.311407e-02	-1.449544e-01	-1.309364e-01	-1.361076e-01	-7.747657e-02	-4.230960e-02	-1.652524e-01	-4.596321e-01	-4.413025e-01	8.885417e-02	2.573670e-01	2.877014e-02	7.256684e-02	-5.413679e-01	-8.462781e-02	-8.564205e-02	2.227689e-01	3.656538e-01	-4.005201e-01	-4.826786e-02	-1.720393e-01	-1.936405e-01	3.400584e-01	-1.288749e-01	-1.354151e-01	-3.306875e-01	3.593661e-01	3.705121e-01	-3.255044e-01	2.278984e-01	9.461254e-01	-1.486003e-01	2.160127e-01	-2.528676e-02	3.710396e-01	4.438960e-02	1.543898e-01	1.789662e-01	6.159850e-01	-1.437206e-01	-2.030630e-01	-8.068441e-01	5.117791e-02	-9.388918e-02	3.063340e-01	-1.910634e-01	2.776110e-01	7.009820e-01	2.308355e-01	3.825270e-01	-1.234594e-01	1.902968e-02	9.271979e-02	-1.455084e-01	-5.219650e-03	1.587041e-01	-1.232764e-01	-1.721735e-01	-2.988245e-01	-8.847877e-01	-4.925905e-01	2.458726e-02	-1.329859e-01	3.598311e-01	2.833511e-01	-2.268862e-01	1.255214e-02	2.774804e-01	-4.664244e-02	-9.140725e-02	-1.332173e-01	-3.703640e-01	1.870624e-01	-4.850477e-01	8.240920e-02	-7.501452e-02	1.515481e-01	-2.748993e-01	-2.005057e-01	2.399783e-01	-1.029001e-01	4.323426e-01	3.140670e-01	5.582120e-01	-4.176677e-02	1.330727e-01	-4.828115e-02	4.243296e-02	4.048464e-02	-1.933615e-01	-1.515392e-01	2.491621e-01	-4.691894e-02	-9.386653e-02	-3.368310e-01	2.670396e-01	-6.455341e-02	-3.462372e-01	-1.975618e-02	-2.128532e-01	2.243103e-01	-1.512679e-01	2.476540e-01	3.338766e-01	1.963473e-01	-5.780509e-01	2.831198e-01	3.847038e-02	-4.131868e-01	9.011242e-02	6.653529e-02	-1.927374e-01	7.772330e-03	2.926938e-01	-3.753473e-01	1.619303e-01	1.350922e-01	4.037186e-01	-7.395442e-02	3.427926e-01	-1.355839e-02	2.708309e-01	1.644940e-01	4.115629e-01	7.627065e-02	1.518821e-01	-3.438051e-03	2.920131e-01	-2.125606e-01	-3.615911e-01	-2.281828e-01	-6.675825e-02	5.148431e-01	-1.580045e-01	1.276526e-01	1.421743e-01	2.544904e-01	-1.838525e-01	1.141686e-02	2.268094e-01	-8.732125e-01	-5.546119e-01	3.487312e-01	-1.792169e-01	1.176217e-02	-2.562062e-01	-4.241619e-02	1.860943e-01	6.151645e-02	-2.185236e-01	-1.799584e-01	-6.373481e-01	-5.936750e-01	-8.942942e-03	6.339203e-02	-4.415716e-02	-1.432402e-01	-2.279507e-01	3.219033e-02	-1.210077e-01	-4.991074e-02	-2.682464e-01	2.383198e-01	-2.703542e-01	-1.728578e-01	3.447582e-01	-5.714975e-02	7.553119e-02	1.302282e-01	3.332295e-02	5.719153e-01	-1.029539e-01	2.102710e-01	4.310716e-02	4.275155e-02	-1.034891e-01	-1.156103e-01	-1.261878e-02	-2.576831e-02	3.209676e-01	-1.618241e-01	-6.664905e-02	1.812156e-01	2.784544e-01	-3.397814e-01	1.006579e-01	-3.453656e-01	2.912466e-01	6.912507e-02	1.217401e-01	4.472023e-01	-3.866761e-01	-1.754629e-01	8.649269e-02	-1.541052e-01	4.561119e-01	-1.650215e-01	-1.287284e-01	9.231060e-01	-2.730072e-02	-4.211935e-02	-4.019072e-01	-8.823038e-02	3.902842e-01	1.365448e-01	2.474930e-02	-4.826341e-01	2.249739e-02	2.996229e-01	5.895814e-01	3.089401e-01	-2.720781e-01	-4.422318e-01	2.585383e-01	-4.252936e-01	-2.129300e-01	3.828795e-01	-5.932218e-02	-1.095852e-01	3.731549e-01	-6.580066e-02	-1.410277e-01	1.601656e-01	2.229093e-01	-2.159262e-01	2.114445e-01	-8.640570e-03	-3.559115e-01	-1.816304e-01	-2.670712e-01	-1.034870e-02	-1.005787e-01	-1.170022e-01	1.197903e-01	-1.676825e-01	-1.429529e-01	-2.769312e-01	1.162164e-01	-6.674675e-02	-2.585940e-03	-2.399853e-01	-1.838904e-01	-2.114193e-01	-5.663390e-02	-4.500578e-02	-2.169783e-01	5.062549e-01	-5.528554e-02	8.659373e-02	-7.357701e-01	2.438221e-01	-4.715301e-01	-6.751124e-01	-3.752988e-01	-3.638174e-01	-2.140052e-01	2.411509e-01	4.136704e-01	3.908079e-01	-4.160666e-01	2.028227e-01	-3.709657e-01	4.701567e-02	1.434245e-01	1.246892e-01	-4.085401e-01	-1.954222e-01	4.062322e-01	3.294238e-02	-1.436210e-01	-5.135754e-01	1.178494e-02	9.310905e-02	1.306291e-01	4.965201e-02	7.407605e-02	-2.681400e-01	-2.538649e-01	-1.688317e-01	-1.692002e+00	-3.661200e-02	-2.504994e-01	3.991312e-01	2.546284e-01	2.195280e-01	6.160238e-01	-2.069968e-01	1.368449e-01	2.273085e-01	-7.779722e-02	-8.134547e-02	-3.478795e-01	-2.679379e-01	1.814504e-01	3.592346e-01	-1.021530e-01	9.308111e-02	-3.880363e-01	-4.992310e-01	5.164173e-01	-5.086026e-02	1.730251e-03	-4.882920e-02	1.015542e-01	-6.003442e-01	5.708087e-01	1.654486e-01	2.225191e-01	-5.224510e-01	-9.301193e-01	3.032141e-01	-5.619177e-01	-2.837158e-01	-3.021543e-02	2.279831e-01	-1.822080e-01	
1.637904e-01	-1.946439e-01	1.530744e-01	1.232075e-01	1.244197e-01	2.942000e-03	4.845953e-02	4.021436e-01	-2.414162e-01	2.888967e-01	5.019572e-02	3.736758e-01	1.121657e-01	3.441587e-01	-1.823053e-01	-1.410735e-01	4.055834e-01	-1.445445e-02	-3.668350e-01	4.619261e-01	-3.287933e-01	7.044121e-02	3.578297e-01	-1.097319e-01	1.562682e-01	5.040171e-01	-3.626854e-01	-1.525790e-01	4.408110e-01	-1.400988e-01	-2.582106e-01	-2.294978e-01	1.576975e-02	2.110913e-01	2.811561e-02	-7.014981e-02	-1.094683e+00	2.256366e-01	3.328857e-01	2.881274e-03	-1.582818e-01	-5.123623e-02	-1.028453e-01	-1.136147e-01	-1.048600e-01	4.633807e-01	1.391011e-01	7.388239e-02	5.829569e-01	4.487818e-01	8.154684e-03	-3.482538e-01	-1.733509e-01	-7.734900e-01	-3.666700e-01	1.587168e-02	-1.523747e-01	2.452660e-01	3.610010e-01	1.334662e-01	-1.417133e-01	4.352502e-02	-1.210467e-02	-2.154499e-02	-3.066076e-01	-7.805765e-02	-1.766974e-01	1.517103e-01	-4.713157e-02	-8.726810e-02	-2.689361e-01	3.587903e-01	1.966232e-01	3.679711e-02	-3.261448e-01	4.260185e-01	1.030338e-01	4.319408e-02	-5.595461e-01	-8.757254e-02	9.592199e-02	2.961718e-01	5.154225e-02	2.179622e-01	1.878220e-01	1.760016e-01	4.950017e-01	-1.620732e-01	3.028914e-01	-3.354832e-01	1.169503e-01	2.459618e-01	3.893660e-01	2.268479e-01	-9.852350e-02	-5.488443e-02	9.428786e-02	-1.136850e-02	-1.713746e-02	1.870156e-01	-5.516394e-01	6.925729e-01	6.220611e-01	-9.942120e-02	-1.333905e+00	-1.139703e-01	9.013420e-02	-2.254542e-01	2.535376e-01	4.326576e-01	1.653002e-01	3.716668e-01	-1.725890e-02	2.235626e-01	1.148731e-01	1.471962e-01	-1.912948e-03	-2.107323e-01	-4.800360e-02	-1.105508e-02	-2.019197e-01	-1.813665e-01	-1.366375e-01	1.347653e-01	-3.388187e-01	3.697744e-02	1.463233e-02	-1.421191e-01	4.815495e-01	4.736467e-01	-2.799578e-01	1.075342e+00	-2.184349e-01	8.626314e-02	-1.667801e-02	5.631024e-01	1.620411e-01	1.167532e-01	-1.038811e-01	4.754289e-01	1.898327e-01	-6.242170e-02	-4.331759e-01	4.014770e-02	-1.546643e-01	1.141653e-01	-2.976319e-01	-4.577152e-02	6.133268e-02	-1.089545e-02	-1.999995e-02	1.912379e-01	3.744366e-01	3.333886e-01	-2.353797e-01	2.519836e-01	3.257287e-01	-6.134890e-03	-1.222992e-01	-5.673490e-03	5.982064e-01	-1.270941e-01	-2.310945e-01	4.194568e-02	-3.812840e-02	-2.386569e-01	1.670253e-01	-1.784031e-01	-2.229773e-01	5.018811e-02	-1.000011e-01	2.074900e-01	1.205797e-01	1.959959e-01	2.632060e-01	2.307355e-01	-3.449664e-01	-2.980708e-01	-1.104508e-01	-3.027996e-01	-2.956163e-01	-7.845565e-02	2.920919e-01	3.033125e-02	9.801108e-02	-7.703473e-02	1.801499e-01	3.341921e-02	-1.565093e-01	5.517222e-03	1.545796e-01	1.611596e-02	3.931342e-02	-1.591745e-01	-6.511413e-02	-4.657314e-01	-3.180495e-02	2.132739e-01	5.579796e-02	-1.803563e-01	-1.910255e-01	3.778530e-02	2.095375e-01	3.377297e-01	4.909750e-02	4.058692e-01	-2.593196e-02	-1.263411e-01	-2.371645e-01	1.092953e-01	7.090562e-02	-5.794000e-02	6.667494e-01	1.175280e-01	2.909057e-01	-1.639671e-02	-1.995509e-01	1.487925e-01	3.366632e-01	-8.234947e-01	-1.627828e-01	1.023834e-01	-9.728827e-02	-2.433750e-02	-7.530706e-02	3.624756e-02	-1.871915e-01	4.414418e-01	-2.882235e-01	3.911616e-02	-1.033506e-01	-6.452803e-02	-7.400659e-02	-6.395530e-01	-1.341476e+00	2.009691e-01	-1.770917e-01	-1.240300e-01	-2.234608e-01	7.897122e-03	-3.198404e-01	3.435768e-01	5.435845e-02	-2.094996e-02	1.704070e-01	-9.820130e-02	5.993482e-01	4.517385e-02	-3.957639e-02	-1.779149e-02	5.458508e-02	-4.446156e-02	1.202785e-01	-9.536827e-02	-9.186967e-02	1.542399e-01	2.121537e-01	2.976757e-02	1.351887e-01	-9.504699e-02	2.228310e-01	-6.923876e-01	3.563052e-01	-1.900885e-01	-1.046512e-02	1.014656e-01	4.359342e-02	-5.803489e-02	-1.078716e-01	-4.708147e-02	-2.076695e-01	3.219872e-01	2.235301e-01	1.340511e-01	-4.853413e-03	4.932106e-01	4.101912e-02	-1.663287e-01	3.111854e-02	1.164413e-01	1.870599e-01	-1.601918e-01	6.209385e-02	1.703463e-01	1.202228e-01	2.452440e-01	-5.350667e-02	7.468097e-03	-1.437596e-01	-5.482621e-01	-1.054261e-01	-2.359083e-01	-4.509867e-02	2.987231e-02	5.824651e-02	3.486830e-02	-3.572993e-01	3.632414e-01	1.559532e-01	-9.121099e-02	-7.671235e-02	2.232425e-02	-1.358967e-01	-5.020923e-02	-1.025529e+00	-1.919498e-01	-2.334822e-01	-3.662330e-02	5.407953e-01	1.682498e-02	-1.391452e-01	1.023033e-01	-3.313391e-02	4.844058e-01	5.221464e-03	-3.219529e-01	1.723645e-02	-1.014405e-01	-4.833267e-01	2.202108e-01	-9.077114e-02	-1.293495e+00	2.291162e-01	5.022219e-01	1.661541e-01	7.084896e-02	5.766743e-02	-2.316103e-01	3.254070e-01	1.649958e-01	3.017483e-01	1.033554e+00	-2.251069e-01	-1.771394e-01	8.383903e-02	1.557924e-01	1.043178e-03	3.971224e-02	-1.334302e-01	-2.519300e-01	1.058730e-01	-2.165883e-01	1.232420e-01	-2.943269e-01	-1.351483e-01	7.007957e-03	-1.880144e-01	4.557538e-01	-2.287681e-01	-4.382873e-01	-1.086595e-01	2.238509e-01	-1.453413e-01	2.251381e-01	-7.391925e-02	-8.430354e-02	-3.250901e-01	1.528555e-01	-5.693213e-02	-1.497510e-01	1.235900e-01	1.946778e-01	6.145678e-02	-8.235274e-02	-1.758939e-01	-2.522600e-02	-7.768913e-02	-3.993115e-02	-2.607952e-01	3.126012e-01	1.038910e-01	4.630952e-01	-3.694203e-01	-5.734046e-01	4.239329e-02	-1.737555e-01	1.555244e-01	1.723656e-02	6.725981e-01	-1.579557e-02	-6.480457e-02	-2.739151e-02	-6.141156e-01	1.262515e-01	3.173500e-01	-7.099833e-01	-1.314704e-01	9.971323e-02	4.273543e-01	-3.771540e-01	1.681606e-01	1.746871e-01	1.945853e-01	4.275383e-02	-2.284476e-02	4.228145e-02	8.501003e-02	-2.079805e-02	-3.028403e-01	1.949156e-01	1.498355e-01	1.903250e-01	2.466302e-01	1.406735e-01	-1.294803e-01	-6.178411e-01	1.141834e-01	3.211645e-02	-3.618871e-01	-2.592178e-01	-1.172868e-02	1.017936e-01	-4.953957e-02	1.851206e-01	3.483957e-02	5.301622e-01	-6.346820e-01	1.898239e-02	5.151005e-03	-3.835513e-01	2.608852e-02	3.713383e-01	1.184852e-01	-8.105786e-01	-8.494174e-02	8.158626e-02	-2.556509e-01	-1.045372e-01	-3.129181e-01	-3.255028e-01	-3.101563e-01	-1.767552e-01	-3.379499e-01	-5.454497e-01	-1.062978e+00	4.897161e-01	9.917392e-02	1.091547e-01	-4.261151e-01	1.118484e+00	1.766469e-02	-2.243896e-02	1.695039e-02	-9.099707e-02	3.064937e-01	1.445041e+00	8.510186e-02	-3.295499e-01	8.156058e-01	2.977798e-01	-2.714749e-01	-3.419937e-02	-1.174051e+00	-1.134739e+00	-2.609008e-01	-5.870384e-02	-2.940525e-01	-4.719449e-02	1.279373e-01	-3.676364e-01	1.365693e-02	1.593059e-01	4.992085e-02	4.405836e-02	2.813961e-01	-7.986312e-02	-2.368394e-01	-6.337062e-02	1.326229e-01	2.489969e-02	2.483907e-01	3.179740e-01	-1.473413e-01	-3.570591e-01	1.971129e-01	-1.129367e+00	1.451846e-01	-4.026228e-01	1.643389e-01	-4.835883e-01	4.266214e-02	8.223571e-02	4.594309e-01	1.908245e-02	-2.189692e-02	3.007957e-01	3.918739e-02	1.582394e-01	-5.984881e-02	2.014517e-01	2.505055e-01	-6.035933e-02	9.498234e-02	4.962374e-01	3.861409e-02	3.210575e-02	-8.241646e-01	-2.643360e-01	5.877475e-01	4.448192e-01	-8.358286e-02	4.791085e-02	-1.797197e-01	-1.327691e-01	-1.523216e-01	1.752268e-01	-1.254433e-01	-5.982415e-02	-1.789589e-01	2.032660e-01	1.247484e-01	-2.435879e-01	-2.841840e-01	-3.242640e-01	-3.864048e-01	-3.594325e-02	2.985311e-01	-1.328561e-02	7.847524e-02	1.962191e-01	-1.573250e-01	1.714640e-01	-2.292755e-01	1.485860e-01	-8.262599e-02	-9.627970e-02	-5.600320e-02	-6.589807e-02	-8.757422e-03	-1.549099e-02	-1.224612e-01	-4.477195e-01	-9.526402e-02	1.002055e+00	-8.189651e-02	5.387983e-01	7.681629e-01	-2.425298e-01	-6.422898e-02	3.647829e-02	-5.456719e-02	1.728545e-01	-1.293511e-01	1.593218e-01	3.037418e-01	8.961843e-02	-8.855453e-02	-1.987920e-01	-2.945574e-01	1.147826e-01	2.910622e-01	-8.622288e-02	-1.110623e-01	-3.813413e-02	2.241179e-01	-2.958214e-02	1.034598e-01	-3.419317e-01	4.583422e-03	6.413697e-02	-1.635956e-01	7.983115e-02	-4.421082e-02	-4.018888e-02	-6.335898e-02	6.397814e-03	-3.710275e-01	-2.046173e-01	8.066419e-02	1.973966e-01	4.766511e-02	1.365750e-01	-3.310628e-02	-1.339002e-02	-5.552703e-02	3.424442e-01	3.549412e-01	3.994819e-01	-1.654019e-01	-2.180992e-01	-6.183842e-02	3.771488e-02	1.086380e-01	6.071964e-02	-9.043133e-02	2.752385e-02	-1.549834e-01	2.920867e-01	1.282304e-01	-2.924052e-02	8.582108e-02	1.292205e-01	-3.637764e-01	1.124187e-01	5.748982e-02	-1.685088e-01	1.278329e-01	-5.060315e-02	1.624442e-02	-4.132476e-02	1.036971e-01	-2.175630e-01	1.196899e-01	-2.324360e-01	-2.313541e-01	-1.630410e-01	-1.630954e-01	3.617827e-02	-5.198318e-01	-3.234498e-01	-1.059904e-01	-9.244022e-02	-1.012222e-01	3.043194e-02	6.753374e-02	-1.241194e+00	-4.203690e-01	4.294593e-01	2.281580e-01	2.649755e-01	-4.614719e-01	2.043370e-01	3.018419e-02	-8.945282e-02	1.351900e-01	1.459798e-01	1.345538e-01	1.242155e-01	1.978450e-01	-6.546083e-02	9.635358e-02	-1.896884e-01	-6.864203e-02	-1.503684e-01	3.022092e-02	-6.237663e-01	-2.773550e-01	3.209677e-02	3.754469e-02	6.984498e-02	-1.010821e-01	-2.287848e-01	4.512516e-02	5.874960e-02	2.441308e-02	1.095584e-01	2.685686e-01	3.300477e-01	4.591412e-02	-1.730567e-02	4.669271e-01	-1.519287e-01	2.866725e-02	-3.028785e-01	1.853485e-01	3.450138e-01	-6.462149e-02	2.076806e-01	-1.595895e-01	2.906399e-01	-1.482240e-01	3.595631e-01	-5.533737e-02	-2.183558e-01	1.496802e-01	-6.615958e-01	-2.790374e-01	-3.502581e-02	-3.304822e-02	-4.571113e-02	-5.528913e-02	-1.553579e-01	-7.438283e-02	2.929865e-01	3.579028e-01	-2.505954e-02	1.696692e-01	2.604184e-02	2.786892e-01	1.902203e-02	8.857050e-02	1.710310e-01	1.977284e-01	-1.368962e-01	-1.086790e-01	-1.015701e-02	-1.992181e-01	3.079154e-02	-1.978486e-01	2.994086e-02	3.415487e-01	1.446235e-01	1.498480e-01	5.053046e-02	-7.815257e-01	-9.659787e-02	-7.961116e-01	1.101182e-01	1.100809e-01	2.966770e-01	-7.396758e-03	-2.540920e-01	2.442901e-01	-1.906433e-01	-5.081914e-02	3.987301e-01	4.578404e-02	9.018475e-01	1.200212e-01	-1.195139e-01	1.968749e-01	-9.364045e-02	-7.206940e-02	-1.360754e-01	9.636626e-03	8.930870e-01	1.305359e-01	-1.884636e-02	-1.397797e-01	8.975446e-02	1.942430e-02	7.210134e-01	-4.648091e-01	2.165292e-01	3.330560e-01	2.349880e-02	2.862193e-01	-3.160073e-01	-1.010283e-01	-1.946337e-01	-6.718114e-04	-1.237175e+00	1.318387e-01	1.852601e-02	3.325609e-01	-2.364997e-01	-1.394355e-01	4.507537e-01	-2.904478e-01	1.007597e-01	6.968935e-02	-4.087955e-03	-2.974418e-01	-1.550778e-01	-2.775495e-02	1.445677e-01	-2.482704e-02	1.747711e-01	5.374331e-02	-2.164387e-01	2.929924e-02	3.452793e-01	1.191033e-01	6.225469e-02	-4.444517e-02	-6.856081e-02	7.254051e-02	1.756471e-01	-3.839503e-02	4.152293e-01	-3.239486e-01	-4.792218e-01	-1.162794e-01	8.186708e-02	1.906795e-01	-5.416302e-03	-1.975652e-02	-2.189214e-01	
3.061042e-02	-2.680672e-01	5.598355e-01	8.871704e-02	2.448748e-01	1.444663e-01	-4.520476e-01	1.083628e-01	2.806513e-02	1.440077e-01	-1.868788e-02	6.490140e-01	1.898509e-01	1.252082e-01	-3.690749e-02	-2.338845e-01	6.387804e-01	-4.185019e-01	9.222691e-02	4.939790e-02	3.460149e-02	9.779213e-02	-2.569859e-02	-2.533359e-02	-1.286398e-01	5.883192e-01	-3.796999e-01	-2.238289e-01	-3.266412e-01	-4.818630e-01	1.309103e-01	4.514271e-01	-3.412243e-01	4.406261e-01	1.483627e-02	3.078793e-02	-3.352071e-01	1.692335e-01	1.982718e-01	-3.075794e-01	-2.255399e-01	1.218562e-01	-1.413164e-01	-8.982268e-02	1.366267e-01	-4.603627e-01	9.825768e-02	1.989384e-02	-3.732995e-01	5.093092e-01	-1.093778e-01	-7.292013e-02	1.159256e-01	2.745945e-01	1.123674e-02	2.662418e-01	-3.268798e-02	-5.324057e-02	1.726601e-01	1.046752e-01	-5.166866e-02	1.424312e-01	-3.599408e-01	-2.519756e-01	-5.283977e-02	1.928231e-01	-2.290471e-01	-1.785608e-02	2.155414e-01	4.202081e-01	-1.393367e-01	1.838406e-01	4.818390e-01	2.369670e-03	-3.211661e-01	6.703891e-01	6.136780e-02	6.191365e-03	-6.767513e-01	-4.096671e-01	4.796994e-01	2.485722e-01	-1.449429e-02	3.358084e-02	-1.015561e-01	4.562635e-01	3.550811e-01	1.567150e-01	7.278167e-01	-6.453451e-01	-1.148315e-01	-1.917454e-02	8.164337e-01	1.108705e-01	-3.655403e-01	7.003098e-01	1.943189e-03	4.300233e-01	1.848628e-01	3.811824e-01	-4.571672e-01	-2.169032e-01	4.819064e-01	-7.558469e-02	2.218558e-01	-2.604809e-01	1.556992e-01	8.938520e-02	3.285404e-02	5.339162e-01	4.512794e-02	1.105093e-01	2.735433e-01	-1.344249e-01	4.368269e-01	-3.922343e-01	-2.626585e-01	2.271563e-01	4.971017e-01	-3.454811e-01	-8.944697e-02	5.992681e-02	-1.572619e-01	2.862088e-01	2.617371e-01	-4.300931e-01	-9.532754e-02	1.419363e-01	-1.287101e-01	1.023460e-01	-2.088497e-01	-1.622322e-01	1.941836e-01	2.247483e-01	4.006664e-01	-2.337075e-01	2.558381e-01	-2.514992e-01	-5.453825e-02	5.073692e-01	-2.185244e-02	3.068990e-01	-1.905304e-01	-6.788133e-02	-1.268018e-01	-4.044938e-02	-2.940877e-01	3.747887e-01	-5.015964e-01	-2.940116e-01	1.053506e-01	4.495978e-01	4.505281e-01	-1.244545e-01	-4.251583e-01	1.257779e-01	4.110859e-01	1.316217e-01	-2.348057e-01	3.205191e-01	-1.912311e-01	2.968967e-01	-5.933679e-01	2.651257e-01	-2.319236e-01	-6.285884e-02	-2.147196e-01	-1.515572e-01	-1.056224e-01	1.124249e-01	-3.938304e-03	2.453256e-01	-4.653308e-01	3.510132e-01	4.084287e-01	4.647558e-01	-2.588527e-01	1.714501e-01	-5.482665e-02	-3.456472e-01	-6.044533e-01	2.280735e-01	-9.757106e-02	-2.412309e-02	3.829811e-02	1.027709e-01	1.519701e-01	-1.617278e-01	-1.672805e-01	5.462349e-02	-4.162943e-02	-3.116387e-01	-4.609440e-01	2.023232e-01	-1.163330e-01	5.786644e-01	-2.718164e-01	5.899562e-02	-1.198220e-01	1.597661e-01	-5.065336e-01	-1.762293e-01	7.820576e-02	2.201383e-01	-8.622659e-02	4.762683e-01	-1.227988e-01	1.152404e-01	1.551037e-02	7.151288e-01	-3.125526e-01	-4.837966e-02	4.422294e-01	1.328020e-01	3.759705e-01	8.386672e-02	-1.108596e-03	-2.522727e-01	-8.926095e-02	1.360294e-01	-1.477296e-01	3.062361e-02	-2.930882e-02	-2.580990e-01	-1.848740e-01	-1.800636e-01	7.191020e-02	2.169968e-01	-1.057554e-01	-3.216368e-01	-5.431398e-01	-5.271556e-01	-2.822306e-01	2.742375e-01	-1.234514e-01	2.153186e-01	2.847966e-01	-1.019420e-01	-3.728969e-01	1.499975e-01	-2.005283e-01	2.076673e-01	3.407013e-02	6.652864e-02	1.002558e-01	3.726892e-03	-5.238162e-02	-5.651967e-01	5.374611e-02	2.184776e-02	-2.277478e-01	1.402566e-01	1.584285e-02	-3.660436e-01	-3.198244e-01	-1.528696e-01	-3.681539e-02	-9.831873e-02	1.623645e-01	-2.737913e-01	3.141000e-01	-6.188285e-01	-1.665682e-01	5.212268e-01	1.697890e-01	3.319367e-01	1.214295e-01	2.705063e-01	-2.284777e-01	2.249457e-01	-3.613446e-01	3.084375e-01	3.839080e-01	1.377800e-02	-5.388125e-02	2.525965e-01	-1.124357e-01	-2.198222e-01	-3.088797e-01	1.622657e-01	1.424030e-01	-1.521700e-01	-1.361574e-01	1.750255e-01	-3.929012e-01	-2.050471e-01	3.372034e-01	-4.365353e-01	3.665729e-01	-1.505324e-01	-2.303789e-01	-6.308146e-01	2.918168e-01	3.145712e-01	-5.097621e-02	-4.801811e-01	-3.919997e-01	-1.105241e-01	-3.225205e-01	4.565623e-02	3.210220e-02	5.439368e-01	-5.896217e-02	2.100154e-01	-3.098050e-01	-3.624323e-03	-4.300506e-01	-3.984956e-01	7.793456e-01	1.744775e-01	-5.840290e-01	2.502177e-01	-5.397364e-01	2.728904e-01	3.307790e-01	-5.037942e-02	2.703969e-02	-7.956377e-02	-1.497003e-01	2.372856e-01	-1.627010e-02	2.058137e-01	4.072910e-01	1.098669e-01	-5.146689e-01	-4.289696e-02	1.465587e-01	-4.341247e-01	-1.452483e-01	2.433494e-01	-2.363279e-01	1.464990e+00	-2.974779e-02	-4.029059e-01	1.994974e-01	-1.938962e-02	-5.551099e-02	6.530893e-02	-5.232352e-01	-3.061932e-01	-6.527880e-02	-4.225956e-01	8.685286e-01	-4.806610e-01	1.164072e-01	-1.974583e-01	-1.825811e-01	7.599164e-01	-1.045240e-01	-7.863503e-01	1.227025e-01	1.526109e-01	1.616174e-01	6.266710e-02	1.206574e-02	3.280067e-01	-6.552776e-01	7.281003e-03	2.932255e-01	-1.709509e-01	4.748245e-02	3.017669e-01	-1.841910e-02	-2.319164e-02	-5.254700e-01	1.254609e-01	3.044536e-02	-2.935773e-01	2.564091e-01	7.227954e-01	1.455307e-01	7.680339e-01	-5.502442e-01	-3.425844e-01	3.052397e-01	-1.416320e-03	-2.217257e-02	-5.507824e-01	1.175019e+00	-1.875147e-01	-7.547040e-02	-2.784390e-01	-4.084300e-01	-2.442059e-01	8.600346e-02	7.384934e-02	4.230342e-01	-1.364799e-01	3.873530e-01	2.903495e-01	-1.732174e-01	2.350626e-01	9.906010e-02	-1.977312e-01	-7.838135e-02	4.134490e-01	2.384876e-01	2.059227e-01	-4.370173e-01	-1.578387e-02	6.723109e-03	2.545763e-01	5.273258e-02	5.505342e-02	-1.860428e-01	6.523546e-01	5.657035e-01	6.098183e-02	1.635873e-01	2.104874e-01	1.593041e-01	5.222787e-01	2.893571e-02	-5.097641e-02	2.553941e-01	4.905660e-01	-9.141572e-01	6.601263e-02	7.684222e-02	2.499259e-01	1.473642e-01	-3.392326e-02	6.544441e-03	-1.719605e+00	-1.008167e-01	3.696141e-02	-9.396545e-02	-3.113298e-01	-3.761888e-01	-1.181971e-01	-2.643812e-01	-5.435794e-02	-1.587221e-01	-3.877395e-01	-6.141163e-02	-1.644455e-01	1.739825e-01	-2.472632e-01	-3.357766e-01	-2.259894e-01	-1.258422e-02	-3.907634e-02	-2.789372e-02	1.314253e-01	-1.321214e-01	9.024937e-02	-6.053001e-01	-2.393220e-01	4.635517e-02	7.754143e-01	-2.187954e-01	-4.424896e-01	-8.875417e-02	-3.339315e-01	-1.361506e-01	9.603148e-02	-1.727560e-01	-3.209968e-02	-2.246675e-01	-5.514725e-01	-2.132093e-01	1.156450e-01	2.923194e-01	-7.909642e-02	-1.023395e-01	-4.256087e-01	-1.584170e-02	-1.559506e-01	2.298432e-01	4.262184e-01	-2.746485e-01	1.486489e-01	-1.380422e-01	-3.151103e-01	2.229091e-01	-3.292821e-02	-5.891289e-02	-3.795340e-01	3.975719e-01	-4.532049e-02	-9.196091e-02	8.924290e-02	8.205527e-01	-2.020079e-01	1.551515e-02	-1.152555e-02	3.326050e-01	3.428624e-02	4.429660e-01	2.095019e-01	4.719292e-01	-7.640462e-02	-1.782265e-01	-8.479291e-01	1.979837e-01	2.191252e-01	1.383955e-01	-2.123730e-01	2.638500e-01	5.652078e-01	1.336509e-01	3.775321e-01	-5.327026e-02	-8.453115e-02	-4.970460e-02	-1.238143e-01	-1.474411e-01	8.094334e-02	-1.655069e-01	-3.402807e-01	-2.363870e-01	-1.038057e+00	-4.013679e-01	7.997809e-02	-1.320791e-01	7.795005e-02	1.641155e-01	-4.283759e-01	1.833043e-01	3.316996e-01	9.131683e-02	1.669728e-01	1.283665e-01	-5.067177e-01	2.989841e-01	-7.525878e-01	-5.760095e-02	-9.847823e-02	-4.504468e-02	-1.311979e-01	-8.075848e-02	1.553448e-01	-2.798371e-02	4.269297e-01	1.536900e-01	7.104173e-01	-2.330185e-02	1.145150e-01	3.803305e-02	3.943061e-01	8.410854e-02	-1.649724e-01	-1.229536e-01	6.014239e-01	9.162094e-02	1.697914e-01	-1.846344e-01	5.121217e-01	2.279128e-01	-3.407564e-01	-2.978296e-02	-1.338705e-01	3.107488e-01	3.552077e-02	-6.187880e-02	2.680897e-01	-3.078520e-02	-2.101130e-01	4.288059e-01	1.233900e-01	-4.076900e-01	-2.466500e-01	1.467473e-01	1.198623e-01	9.208449e-02	2.350751e-01	-4.477111e-01	2.362271e-01	9.825773e-02	3.729728e-01	-1.149135e-01	3.293380e-01	-8.593910e-02	2.246407e-01	-8.774047e-02	4.296761e-01	-1.830032e-01	1.654983e-01	-9.948097e-02	9.174913e-02	-2.214172e-01	-3.009987e-01	-2.605352e-01	-1.041390e-01	3.335122e-01	-1.519774e-01	-1.068772e-01	2.167262e-01	-6.236211e-02	-9.343355e-02	1.863544e-01	1.526897e-01	-9.208717e-01	-2.409684e-01	-2.191814e-02	-2.715047e-02	1.878026e-01	-3.383439e-01	1.375831e-01	2.066330e-01	2.350173e-01	-3.438573e-01	-1.789795e-01	-3.602870e-01	-6.262180e-01	1.748395e-01	2.264361e-02	-1.984572e-01	-5.174098e-01	-1.683713e-01	2.728475e-02	-3.267648e-01	-1.570776e-01	-4.005054e-01	-1.180182e-01	-2.828931e-01	-2.244281e-01	6.229384e-01	3.490261e-02	2.620284e-01	3.038130e-01	8.456656e-02	7.251277e-01	-4.317771e-02	1.400848e-01	1.136432e-01	4.516853e-01	-3.324999e-03	-1.134474e-01	-7.937279e-02	9.611893e-02	6.464861e-02	-3.830891e-02	-9.642726e-02	8.605415e-02	2.497651e-01	-4.368822e-01	2.774536e-01	-1.093597e-01	1.061040e-01	-1.731835e-01	3.462007e-01	2.872458e-01	-3.097287e-01	-1.050216e-01	1.429302e-01	-1.758764e-01	4.385049e-01	-3.295737e-01	-1.317826e-02	9.990726e-01	-1.205950e-02	2.357761e-01	-3.254608e-01	1.903801e-02	6.135839e-01	-8.001929e-02	6.261130e-05	-4.580836e-01	3.541087e-01	3.716647e-01	4.007178e-01	6.244545e-02	-4.970357e-01	-4.720247e-01	2.283123e-01	-4.119693e-01	-3.049694e-03	4.187004e-01	-2.318081e-01	-3.279740e-02	4.487568e-01	9.006297e-02	-7.553058e-02	1.790519e-01	2.619875e-01	-7.270613e-03	3.368380e-01	-5.091448e-03	-9.628170e-02	1.401635e-02	-1.348560e-01	8.364443e-02	9.020641e-02	-2.383160e-01	1.905587e-01	-1.470677e-01	-2.156921e-01	-2.371793e-01	6.479868e-02	2.699710e-02	1.324589e-01	1.658374e-02	-2.878491e-02	-2.754495e-01	4.821341e-02	1.190564e-01	-8.286931e-02	5.237333e-01	2.900797e-01	1.373142e-01	-4.011846e-01	1.768959e-01	-4.782366e-01	-5.981560e-01	-4.131216e-01	-1.197762e-01	-4.979083e-01	2.881809e-02	3.236957e-01	5.015551e-01	-4.834735e-01	-7.071010e-02	-3.281549e-01	6.792607e-02	-6.347818e-03	3.482001e-02	-4.962550e-01	-2.506570e-01	3.779915e-01	1.519330e-01	-2.585843e-02	-7.444221e-01	-2.156465e-02	-2.808595e-02	-1.744335e-02	5.157827e-02	2.333194e-01	3.825760e-02	-1.029797e-01	3.199235e-02	-1.351624e+00	-4.996298e-02	-2.460193e-01	5.841799e-02	9.734541e-02	9.345402e-02	5.735072e-01	-8.378346e-02	1.623975e-01	9.361857e-02	-3.820255e-01	-1.295889e-01	-1.070591e-01	-1.322310e-01	2.590902e-01	2.940859e-01	-1.107868e-01	2.284615e-01	-5.501171e-01	-4.660315e-01	1.676150e-01	-1.069940e-01	-1.099415e-01	9.349294e-04	5.457471e-02	-2.910048e-01	5.691026e-01	-9.999519e-03	1.719985e-01	-4.561419e-01	-1.061613e+00	1.774892e-01	-3.650295e-01	1.392008e-01	-3.221987e-02	1.517328e-01	1.645618e-02	
