5.523624e-01	-1.417670e+00	9.047025e-01	-1.301725e-02	-7.997029e-02	8.991696e-01	-1.100843e+00	-6.669996e-01	-1.244956e+00	-7.616016e-01	-3.025287e-01	1.487090e+00	-5.002323e-01	1.544592e-01	3.673639e-01	-9.910144e-01	1.561914e+00	-9.816024e-01	1.695080e-01	-1.418416e+00	-4.338576e-01	1.516854e+00	1.971486e-01	8.151275e-01	-1.789768e+00	4.525087e-01	2.287207e-01	-9.116235e-01	-9.806249e-01	-3.302539e-01	8.044446e-01	9.261150e-01	-1.600001e+00	4.336191e-01	-7.707733e-01	1.757596e+00	-7.950791e-01	-1.341317e+00	1.224762e-01	4.811436e-01	-1.597830e+00	5.991496e-02	2.797756e-01	1.196866e+00	1.468996e-01	-1.111960e+00	-1.480704e+00	2.888419e-01	-6.523178e-01	1.739036e+00	4.463826e-01	-6.164389e-01	2.633760e+00	-4.773526e-01	5.589225e-01	-4.989225e-01	1.430088e-01	-3.444613e-01	-1.825825e+00	-1.271619e+00	-9.417080e-01	-9.714475e-02	-3.698464e+00	-1.659492e+00	-2.592183e-01	7.945289e-01	1.450376e+00	-1.502619e+00	1.398220e+00	3.996776e-01	-6.924376e-01	2.698292e-01	1.196724e+00	1.919512e-01	5.309724e-01	9.339664e-01	-4.237725e-01	-4.479454e-01	-1.606677e+00	-1.263711e+00	6.711739e-01	8.537003e-01	7.788836e-01	-1.103528e+00	2.847381e-01	7.918768e-01	8.972409e-01	3.433380e-01	1.337188e+00	-1.281385e+00	3.785204e-01	-1.111237e+00	1.732059e+00	2.775574e-01	-4.255121e-01	6.182875e-01	9.893985e-01	5.319629e-01	7.712149e-01	-2.441054e-01	-1.236760e+00	6.130192e-02	-9.930688e-01	-4.154088e-01	3.560918e-01	1.883754e-01	8.972425e-01	-7.892212e-01	8.499305e-01	8.859752e-01	-9.828753e-02	8.110977e-01	1.138921e+00	-8.578250e-01	5.446502e-01	-8.168046e-01	-1.596516e+00	-3.106109e-01	3.407680e-01	-1.514268e+00	-3.259698e-01	-7.141985e-01	8.767595e-01	-7.894970e-01	3.878723e-01	-8.857039e-01	-6.632570e-02	8.428805e-01	-1.537174e+00	8.367708e-01	9.340838e-01	-1.290279e+00	-3.950823e-02	8.357574e-01	-1.127357e+00	5.800139e-02	9.812495e-02	-1.762863e+00	7.369983e-01	1.167967e+00	-1.588625e+00	1.400898e-01	-6.652867e-01	2.579716e-01	-6.292292e-01	-6.891317e-01	-1.403943e+00	3.888412e-01	-1.601158e+00	-1.524075e+00	-1.120787e+00	3.511223e-01	7.102163e-01	2.884775e-01	1.705210e-01	-1.204724e+00	6.222118e-01	-1.342213e-01	-1.135263e+00	1.330406e+00	-6.156256e-02	1.848262e+00	6.193433e+00	-1.859639e+00	3.420727e-01	-1.073679e+00	-2.993256e-01	-1.044205e+00	-1.752222e-01	-7.933485e-01	-1.331535e-01	3.462822e-01	-2.076521e-01	1.982075e-01	2.946623e+00	2.267068e+00	4.881386e-01	-6.937211e-01	6.207488e-01	-1.342431e+00	-8.371698e-01	1.054193e-01	-4.951089e-01	-1.806801e+00	-4.478011e-01	9.290066e-01	-5.263369e-02	1.449529e+00	4.580069e-01	2.975624e-01	-2.100456e+00	-2.560536e-01	-9.343025e-01	7.249318e-01	-1.471902e+00	-5.399779e+00	5.429913e-01	-1.379178e-03	-8.564892e-01	-7.671770e-01	-1.427477e+00	1.236086e+00	1.201038e-01	2.576470e-01	3.047153e-01	2.793124e+00	-1.028868e+00	1.833055e-01	-5.409001e-01	7.877295e-01	-9.136296e-01	4.249417e-01	4.543218e+00	-1.059862e+00	6.071817e-01	1.079731e+00	-1.197289e+00	-1.533264e+00	-8.959548e-01	-2.526324e-01	-1.810778e+00	-2.936583e-01	-2.709502e+00	4.968067e-01	-5.768840e-01	9.573912e-02	6.663341e-01	-7.378121e+01	2.103972e-01	-1.489761e+00	-2.160505e+00	-3.921328e-01	-5.047373e-01	-2.775670e-01	-2.859044e+00	2.682452e-01	6.228281e-01	-1.152765e+00	-1.308956e+00	-2.959125e-02	-2.139753e+00	8.804080e-01	-8.952242e-01	-3.470599e-01	-8.486020e-01	-5.010188e-01	3.923416e-01	-1.037174e+00	5.408196e-01	-8.951895e-02	-1.351361e+00	1.180584e+00	-5.535438e-01	1.105624e+00	-1.571770e+00	-1.596670e-01	9.042717e-01	-1.369326e+00	-5.455245e-02	-3.412690e-01	1.304030e+00	-9.146639e-01	1.014962e+00	9.484314e-01	9.413709e-01	-8.969126e-02	4.116346e-01	2.472257e-01	5.149986e-01	2.944262e-01	-1.280918e+00	2.556769e+00	2.401341e-01	-8.564835e-01	-7.259384e-02	5.274583e-01	-2.283837e+00	5.580485e-01	-2.164926e-01	1.022499e+00	2.131612e+00	3.441984e-02	-5.241233e-01	2.508752e-01	-5.639184e-01	-5.195785e-01	2.781098e-01	-2.412098e-01	1.106225e-01	-7.019749e-01	-8.853599e-02	-1.843388e+00	8.284285e-01	6.257530e-01	-5.544272e-01	-1.790431e+00	-1.315969e+00	-2.686475e-01	-4.256980e-02	-1.350754e+00	1.872253e+00	1.515656e+00	6.546357e-01	5.691866e-01	-2.120598e-01	-1.123349e+00	-2.249508e+00	-1.264799e-01	8.863665e-01	1.047068e+00	-1.312236e+00	1.377254e+00	-1.496771e+00	-2.460339e+00	2.019530e+00	-1.498954e+00	1.593856e+00	4.722553e-01	3.009085e-01	-1.509347e-02	7.276217e-01	-1.002697e-01	1.480700e+00	1.547355e-01	-1.997560e+00	-6.593178e-01	-9.703293e-02	-8.438474e-01	-5.106388e-01	3.252992e-01	-2.277592e-01	1.864458e+00	2.678975e-01	-1.827698e+00	-3.409381e-01	-1.193891e-01	-1.936149e-01	4.730637e-01	-2.049489e+00	5.781771e-02	-1.353693e+00	-1.254637e+00	1.778114e+00	-5.470851e-01	1.699341e+00	-6.834687e-02	-3.945010e-01	-1.971820e-01	2.394513e-01	-2.226207e+00	-4.539545e-01	3.983597e-01	-2.133438e-02	6.725584e-01	6.018198e-01	2.048915e-01	-1.207249e+00	-9.454647e-01	9.647166e-01	-2.636213e+00	-4.780587e-01	3.813215e-01	-4.447088e-01	-4.257327e-01	-7.022607e-01	2.493111e-01	-9.828678e-02	-1.187502e+00	8.941075e-01	1.583872e+00	1.689844e-02	-2.320887e-02	-1.285331e+00	-8.283981e-01	8.416373e-01	6.857814e-02	3.513539e-01	-1.942607e+00	1.084750e+00	-1.705877e-01	1.228705e-02	-7.162580e-01	-4.931943e-01	-1.416365e+00	1.040194e+00	-7.963399e-03	1.713911e+00	6.515758e-01	1.446240e-01	1.066783e+00	1.128500e+00	1.892123e+00	-4.545662e-01	-4.302130e-01	5.412127e-01	1.873607e+00	-8.258968e-01	1.447002e+00	-3.865154e+00	6.143572e-01	-1.079875e+00	2.739477e-01	6.500207e-01	6.776065e-01	-3.800308e-01	2.258845e+00	1.963053e+00	7.939647e-01	6.253672e-01	9.995700e-01	2.351526e+00	1.065771e+00	1.115473e+00	-5.486587e-01	1.713636e+00	-1.310007e-01	-8.934559e-01	-9.196637e-01	-9.011182e-01	-3.738989e-01	-9.623167e-02	-1.343399e+00	-6.369839e-01	-2.387061e+00	-7.457281e-01	1.465226e+00	1.171038e+00	5.354102e-01	3.066044e-01	-4.201977e-01	-4.266629e-01	6.942156e-01	1.917778e+00	-2.431221e-01	-1.000936e+00	-3.317063e-01	4.114452e-01	-1.091667e-01	-7.814857e-01	-3.812849e-01	5.649263e-01	7.841533e-01	-1.278639e+00	3.572092e-02	2.917836e-01	2.467772e-01	-2.099871e+00	2.472826e-01	-3.360358e-01	1.517516e+00	-6.426457e-02	1.122229e+00	9.724549e-01	-1.774883e+00	1.256061e+00	-9.370165e-01	4.514861e-02	1.244069e+00	-7.111010e-02	7.196009e-02	-6.746351e-01	2.000884e+00	1.514901e-01	-1.021664e+00	2.551530e-01	-3.278270e-01	-4.811710e-02	-1.258480e+00	4.068967e-01	1.381163e+00	7.074175e-02	1.576921e-01	-1.381230e+00	-1.812485e-01	8.673774e-01	-1.404683e+00	-5.300296e-01	-1.289394e+00	1.526825e+00	2.100077e+00	1.802538e+00	-7.323490e-01	5.127710e-01	-1.129298e+00	8.351858e-01	3.113062e-01	-3.153873e-01	6.695630e-01	2.703723e+00	3.449739e-01	-2.110441e-01	1.022467e+00	9.608014e-01	-1.595655e+00	-9.984996e-01	2.463689e-01	1.039427e-01	3.539341e-01	1.228298e+00	1.850104e+00	1.438943e+00	1.344065e+00	-1.664165e+00	3.496920e-01	2.920549e-01	-1.759144e+00	-5.497798e-01	2.123230e-01	-3.605004e-01	-8.172333e-01	-2.764170e-01	-7.845987e-01	-1.057729e+00	5.435324e-01	-1.943691e-01	1.700453e+00	2.276365e-01	-9.097814e-01	-1.058771e+00	1.088339e+00	3.807258e-01	-1.506026e+00	-1.195926e+00	-1.862663e+00	5.016648e-01	-1.642200e+00	-5.493143e-01	-1.759792e+00	3.114337e-01	3.200631e-01	-2.382946e-02	1.560421e+00	2.616132e-01	1.377818e+00	-2.653739e-01	9.661481e-01	-8.398360e-01	1.597929e+00	6.029639e-01	-7.671106e-01	9.281921e-01	-2.012753e+00	2.519504e-01	6.483974e-02	-2.548164e-01	-9.532849e-01	-7.412418e-01	1.196458e+00	8.491050e-01	-5.355368e-01	-4.755314e-01	-2.921388e+00	-2.174583e+00	-3.880381e-01	-4.748187e-01	-8.135125e-01	5.570382e-02	-1.514952e-02	1.932023e+00	4.231451e-01	4.721659e-01	9.606359e-01	-3.172200e-01	-1.220119e+00	6.455967e-01	1.119127e+00	-9.229450e-01	-1.330324e+00	1.226978e+00	1.034651e+00	-1.122348e+00	1.094758e+00	1.037633e-01	-3.247189e-01	-8.456638e-01	-3.262356e-01	-3.663445e-01	2.097130e-01	-4.735548e-01	1.045253e+00	-1.109335e+00	-5.166408e-01	-9.828618e-01	8.233702e-03	1.669481e+00	-1.183114e+00	-3.419646e-01	-4.278687e-01	-2.124960e-01	-9.542667e-01	7.893490e-01	-4.665719e-01	-2.274729e+00	-1.378506e+00	-1.019113e+00	4.362091e-01	2.335799e-01	-1.984913e+00	1.577796e+00	2.874112e+00	-6.414750e-01	5.634173e-02	1.960540e-02	-2.260537e+00	-3.666132e-01	-3.715963e-01	1.008228e+00	-6.809385e-01	-8.795440e-01	2.079119e-01	-7.435061e-01	1.106331e-01	1.414490e+00	-1.947820e-01	1.081551e+00	-7.440935e-01	1.418715e-01	1.037054e+00	-3.389315e-01	2.397934e-01	4.277608e-01	2.442129e-02	2.160705e+00	1.653786e-01	1.975148e-01	4.358768e-01	5.040200e-01	1.380038e+00	-9.086044e-01	1.059996e+00	-6.318883e-01	7.958586e-01	1.301052e-01	-1.126893e+00	-7.444595e-01	-1.253393e-01	-1.148091e+00	2.291087e+00	-6.112055e-01	1.408614e+00	1.760850e+00	6.668010e-01	2.057780e+00	-2.954689e-01	-1.676657e+00	-5.172551e-02	-4.952725e-01	9.458340e-01	3.614854e-01	-3.913459e-01	8.195142e-01	5.896950e-01	-1.132100e+00	-1.450279e+00	8.732979e-01	8.565361e-02	1.279179e+00	-1.147546e+00	1.112145e+00	2.594917e-01	-8.380104e-01	1.300652e+00	1.698213e-01	-2.067920e-01	-8.574654e-01	-1.325121e+00	1.334217e+00	-6.262665e-01	7.682776e-01	-7.290125e-01	-1.876000e+00	1.261878e+00	2.061801e+00	-7.618396e-01	4.501516e-01	-1.126388e-01	-1.214151e+00	3.925245e-01	-1.799268e+00	-1.478619e-01	-2.875684e-01	2.825128e-02	3.033578e-01	1.080627e+00	-4.282155e-01	9.987143e-01	4.068131e-01	2.060223e-01	-4.904025e-02	-8.876168e-01	-2.823122e+00	-1.291749e+00	-1.686396e+00	4.714583e-01	-1.260837e+00	-3.438298e-01	-8.419530e-01	2.273517e-01	2.188077e+00	-6.454045e-01	4.092922e-01	1.329874e+00	-7.197488e-01	3.690607e-01	-1.730706e+00	-6.115825e-02	-2.268234e-01	-1.632029e+00	-9.182590e-01	1.667033e+00	1.472681e+00	-1.602086e+00	1.066972e+00	-2.104197e-01	4.123606e-01	-5.770035e-02	8.877770e-01	9.557810e-02	-2.014942e+00	1.220213e+00	1.747790e+00	-1.749227e+00	2.096271e-02	1.321205e+00	-1.277992e+00	-3.475663e-01	9.448565e-01	3.821540e-01	6.608614e-01	-5.096838e-01	7.135295e-01	6.827905e+00	2.640283e-02	-1.071294e+00	-2.615977e-01	1.405627e+00	9.295064e-01	5.078068e-01	-2.428822e-01	-6.688979e-01	1.219541e+00	5.878370e-02	-1.148689e+00	-7.262469e-04	-1.128036e+00	-6.173525e-01	6.153144e-01	-4.825481e-01	-6.552766e-02	-1.874331e+00	-5.990433e-01	-3.405029e-01	-9.245062e-01	-9.294454e-02	-4.083913e-01	1.102745e-01	-2.029184e+00	1.263352e+00	4.508930e-01	-1.462160e+00	-2.133040e+00	-2.632553e+00	6.926050e-01	-2.671284e+00	-1.593202e+00	-2.825379e-01	4.918880e-01	3.407355e-01	
3.692991e-01	-6.466608e-01	-5.398108e-01	-1.874319e-01	1.101769e+00	6.529343e-01	-6.231691e-01	-8.347483e-01	-7.672312e-03	-7.401577e-02	-6.625943e-01	-3.016374e-01	-5.652161e-01	3.653515e-01	-7.237831e-01	-1.719036e+00	7.129462e-01	2.394087e-01	-5.675424e-01	-1.585602e+00	4.845127e-01	1.272254e+00	-6.416957e-01	1.433749e+00	-1.287116e+00	-1.257287e+00	-7.660665e-02	-1.830932e+00	-9.473931e-01	1.829865e-02	1.397819e+00	1.392731e+00	-1.033130e+00	1.241349e+00	1.516315e-01	3.635013e-01	-2.025749e+00	-1.231274e+00	4.369363e-01	-9.707032e-01	-1.608832e+00	-4.574366e-02	-4.977055e-02	1.336495e+00	3.846205e-02	-2.249034e+00	-1.247683e+00	1.181894e+00	6.235318e-01	2.128124e+00	3.456210e-01	-7.677809e-01	1.096622e+00	1.003008e+00	9.681181e-01	-6.623093e-01	-4.190891e-02	-9.434344e-01	-8.674911e-02	-1.041719e+00	9.079881e-01	-1.175449e+00	-2.331414e+00	-2.097296e+00	-1.294836e-01	1.021289e+00	1.145549e+00	2.651509e-02	1.756050e+00	3.917613e-01	-1.271188e+00	9.202654e-01	9.723051e-01	-6.310411e-01	-3.408076e-01	4.334960e-01	-1.920758e+00	-1.015666e+00	-2.519094e+00	-5.412679e-01	2.808612e+00	6.852511e-01	-4.248845e-01	-5.604232e-01	-1.329955e+00	9.073333e-01	7.377856e-01	-8.585505e-02	-3.060623e-01	6.362661e-01	2.607085e-01	7.566822e-01	3.504657e+00	2.114328e-01	-2.114617e+00	-9.381514e-01	1.332613e+00	1.493589e+00	1.696317e-01	6.027871e-01	-4.877025e-01	-4.979944e-01	-2.121209e-01	4.431729e-01	7.720873e-01	2.524004e-02	1.134757e+00	-8.119706e-01	3.822746e-01	-3.673908e-01	-2.786781e-01	2.910288e-01	1.360810e+00	-2.017670e+00	-8.234707e-01	-1.076382e+00	-1.383031e+00	-1.331021e+00	-6.008589e-01	-1.045960e+00	1.805967e-01	-1.807337e+00	-2.350469e-01	-4.214329e-01	-5.399408e-01	-8.082492e-01	4.796322e-01	-2.620754e-01	-2.085588e+00	1.048835e+00	-3.295203e-01	-6.877325e-01	-8.594516e-01	1.986881e+00	-6.490959e-01	-2.204352e-01	1.112347e+00	4.668492e-01	3.892848e-01	1.639880e+00	4.687262e-01	-1.207426e+00	-1.478038e-01	2.928586e-01	-9.411550e-01	-1.503590e-01	-1.027821e+00	-8.166273e-01	-8.660053e-01	-1.031520e+00	6.050511e-02	1.662274e+00	-2.579192e-02	9.126973e-01	-4.090836e-01	-6.060793e-01	-8.192331e-02	-6.658995e-01	-1.486992e+00	1.508561e+00	-1.727020e+00	1.411586e+00	6.054380e+00	4.763993e-01	3.133153e-01	-1.206987e+00	-1.008718e+00	-1.113884e+00	-1.562676e-01	-1.293165e+00	-3.703632e-01	1.421251e+00	2.770015e-01	5.773227e-01	9.821102e-01	1.202616e+00	2.804964e-01	-1.010223e-01	6.857980e-01	-3.136169e+00	-1.535987e+00	2.987484e-01	-6.891297e-01	-9.619814e-01	1.695838e+00	-8.075005e-02	6.159421e-01	2.050408e+00	-2.236112e-01	1.996879e+00	-4.468333e-01	-7.147272e-01	-1.668010e+00	1.785388e+00	-1.800299e+00	-5.078930e+00	-4.336283e-01	-1.039927e-01	-1.575877e+00	1.395955e+00	-6.062950e-01	1.025824e+00	8.769394e-01	5.881428e-01	7.668044e-01	1.978730e+00	-9.538218e-01	8.864970e-01	7.418905e-02	1.082023e+00	-1.615329e+00	-4.537632e-01	3.309716e+00	-1.508636e+00	1.270603e+00	1.005136e+00	1.669698e+00	-1.388277e+00	-1.549757e+00	7.562277e-01	-1.859209e+00	-1.541496e-01	-2.587974e+00	-1.403374e+00	-1.589877e+00	-1.201809e+00	9.658581e-01	-7.423455e+01	4.460978e-01	-9.571136e-01	-1.808936e+00	1.949702e+00	-5.390539e-01	7.417594e-01	-3.829653e+00	-1.211547e-01	1.911708e-03	-1.448712e+00	-3.102149e-01	6.420555e-01	1.123222e+00	2.933571e-01	-4.745556e-01	-3.685778e-01	-1.193351e+00	-4.865253e-01	6.464962e-01	7.395709e-02	1.333333e+00	-1.117222e+00	-7.454594e-01	1.398527e+00	1.266568e+00	6.885380e-01	-2.525520e+00	-7.629364e-01	-7.286998e-01	-6.452304e-01	7.121581e-01	6.855488e-01	4.915172e-01	-5.291294e-01	8.812180e-01	5.088074e-01	1.424329e+00	-4.680234e-01	5.837079e-01	1.184192e+00	5.344833e-02	-1.291917e+00	-1.204967e+00	3.514826e-01	5.904745e-01	-5.126994e-01	-1.069283e-01	-5.596588e-01	-1.957590e+00	5.472097e-01	-7.349846e-02	4.983473e-01	1.243022e+00	-9.245837e-01	2.248829e-01	8.662989e-01	6.377816e-01	1.487039e-01	1.418241e+00	-9.657882e-01	-7.546954e-01	6.574675e-01	1.957585e-01	-1.307047e+00	-3.730277e-01	-2.129266e-01	7.461448e-01	-6.100651e-02	-8.084611e-01	-1.547364e+00	-3.817361e-01	-1.126499e+00	7.422252e-02	1.421148e+00	4.860154e-01	1.887039e-01	-5.344071e-01	5.434185e-01	-1.453890e+00	1.577245e-01	1.105368e+00	1.121089e+00	-9.280477e-01	4.198982e-03	-1.063117e+00	-3.218686e+00	9.796082e-01	-1.244576e+00	3.281199e+00	3.264630e-01	1.688017e+00	2.037417e-01	-1.515016e-01	1.698753e+00	3.847635e-01	-3.710344e-01	-1.295365e+00	-1.195220e+00	-7.815827e-01	-8.883201e-01	8.755036e-03	2.313798e-01	1.304394e+00	2.119167e+00	2.408656e-01	-1.278113e+00	1.141947e+00	2.213897e-01	-1.995165e+00	5.106664e-01	-3.541474e+00	-1.130051e-01	-2.259097e+00	-9.624411e-01	1.199265e+00	-1.693412e+00	3.028506e-02	-5.891871e-01	4.033558e-01	6.592520e-01	-6.445119e-01	-2.247342e-01	4.119407e-01	8.131520e-01	-4.840265e-01	-2.900620e-01	-1.202645e+00	8.377851e-01	-1.630352e+00	-1.267214e+00	5.924734e-01	-3.269108e+00	-1.091584e+00	-4.257653e-01	2.991877e-01	-5.739391e-01	-3.093861e-01	-3.416418e-01	1.561460e-01	-9.700089e-01	1.477866e+00	7.825728e-01	1.142726e+00	-4.646442e-02	8.597564e-01	-1.516205e+00	1.076287e+00	-9.130908e-01	-1.215022e+00	-1.545919e+00	1.692311e+00	-3.867249e-01	-7.405812e-01	3.754503e-01	-1.116395e+00	4.972355e-01	1.542091e+00	-5.081229e-01	1.285715e+00	-8.497684e-02	-8.875613e-01	1.075256e-01	6.278891e-01	1.878659e+00	-2.892391e-01	-5.534366e-01	-3.503129e-01	2.662729e-01	1.291135e+00	1.333483e+00	-1.996273e+00	-1.967934e-01	3.127964e-01	2.165142e-02	1.255157e-01	-1.140674e+00	1.031717e-01	4.715292e-01	1.468591e+00	5.935958e-01	1.091043e+00	7.930171e-01	3.324312e+00	8.782632e-01	1.291944e+00	4.438688e-01	9.429964e-01	4.162656e-01	-1.397069e+00	2.917232e-03	-1.027704e+00	-2.220946e-01	7.144012e-01	-6.220696e-01	-1.343042e-01	1.256702e+00	-7.395435e-02	1.774605e-01	-4.760363e-02	9.365703e-01	5.025208e-01	2.280623e-01	-2.033716e-02	2.508556e+00	5.757822e-01	-1.376815e+00	-2.285447e-01	4.776035e-01	1.140612e+00	-1.030092e+00	-6.132946e-01	-2.520707e-01	2.640659e-01	-3.309128e-02	-1.988452e-01	-3.164884e-01	-7.191141e-01	9.636846e-01	-2.044384e+00	-1.184820e+00	8.146496e-01	1.598838e+00	-7.104955e-01	9.186997e-01	-2.391428e-01	1.159499e-01	6.438914e-01	-7.764768e-01	1.275874e-01	-7.189518e-01	-8.120652e-02	1.332382e-01	-3.923135e-01	1.526112e+00	-1.515615e-01	6.367121e-01	2.476487e-01	3.342864e-01	-3.154137e-01	-1.383665e+00	3.394130e-01	1.008494e+00	4.482594e-01	-2.094282e-02	-8.712456e-01	-1.729177e+00	-1.334064e+00	5.050706e-01	-2.479295e-01	-1.992440e+00	-4.900578e-01	1.056586e+00	-8.529326e-01	-6.883909e-01	-5.233910e-02	-6.893534e-01	5.845729e-01	7.091771e-01	-1.141873e+00	1.824203e-01	2.533970e+00	-1.087668e+00	1.486681e+00	8.640593e-01	4.605921e-01	-8.510574e-01	-6.845971e-02	-3.115561e-01	-1.717257e+00	2.341563e-01	3.052597e+00	1.972742e+00	3.853227e-01	1.142593e+00	-8.328538e-01	1.140373e+00	2.702185e-01	-6.683549e-01	-1.805480e+00	-2.652881e-01	-1.108347e-01	-2.181497e+00	-2.932050e-01	-1.665247e+00	-7.095382e-01	-4.049788e-01	9.159974e-01	-1.047716e-01	6.036483e-01	-3.265139e-01	-1.213047e-01	6.003460e-02	1.156605e+00	-9.779580e-01	-1.421332e-01	-2.480832e+00	1.756514e+00	-1.317287e+00	-4.165066e-01	-8.481078e-01	4.160717e-01	-4.755567e-01	-7.825187e-01	8.139351e-01	-5.308442e-01	1.441872e+00	-2.456942e-01	2.187296e+00	1.011750e-01	7.533858e-01	8.867198e-01	2.827726e-01	-5.016318e-01	-2.445987e+00	7.971551e-02	1.159916e+00	-1.032675e+00	-4.440408e-01	2.342286e-01	1.400022e+00	9.481692e-01	3.101483e-01	5.540427e-03	-2.108725e+00	-1.424544e+00	-1.596169e+00	5.819808e-01	-2.284571e-01	3.760179e-01	2.189986e-01	1.521380e+00	5.888075e-01	2.164308e-01	3.789902e-01	1.439620e+00	-3.794834e-01	2.926009e-01	8.524073e-01	-5.820830e-01	-9.809615e-01	1.143153e+00	-9.169696e-02	-1.729931e-01	1.453470e+00	-8.525903e-01	1.346802e+00	5.817251e-01	3.699128e-01	1.592388e-01	7.407298e-01	9.871079e-01	-5.863327e-02	-1.690619e-02	1.575266e-01	-3.256865e-01	8.279002e-01	1.289282e+00	1.857782e-01	-7.189295e-01	5.808089e-01	-1.929923e+00	-1.147556e+00	5.764111e-01	-1.039131e+00	-2.214246e+00	-7.870397e-01	-1.487916e+00	8.192274e-01	-1.192031e+00	-9.353347e-01	1.493452e+00	2.195486e+00	-1.172730e+00	-1.194331e+00	-3.050668e-01	-7.620873e-01	1.099698e-01	-9.985996e-01	2.069261e+00	-2.436535e-01	-1.496453e+00	6.746069e-01	-1.698880e+00	-3.775920e-02	-8.415622e-02	1.663611e-01	2.213728e+00	-9.183890e-01	1.753839e-01	-4.333283e-01	3.056805e-02	1.366107e+00	-1.068196e-01	2.089649e-01	3.254845e-01	-5.919545e-02	2.086141e+00	2.676661e-01	1.653189e-01	7.431829e-01	6.167042e-01	5.120546e-01	-1.121632e+00	-1.975774e-01	-1.074670e+00	-1.612035e+00	2.751099e-01	-4.915588e-02	-1.031606e+00	6.867877e-01	5.810891e-01	8.210349e-01	5.892551e-01	-4.195864e-02	1.524502e+00	-9.623253e-02	-6.291447e-01	9.892358e-01	-9.598516e-01	1.622276e+00	-2.871678e-01	4.717421e-01	1.020604e+00	-4.329253e-01	-1.359232e-01	-3.826681e-01	7.192563e-01	-3.681779e-01	1.006529e+00	-1.256900e+00	-8.372866e-01	-3.502662e-01	-1.359804e+00	3.833076e-01	-6.735039e-01	-5.887237e-01	-1.305283e+00	-5.802945e-01	-1.544245e-01	-4.009511e-01	-1.270806e-01	3.301734e-01	7.889312e-03	9.016327e-01	1.019437e+00	-1.582271e+00	8.425618e-01	2.758372e-01	-6.977498e-01	1.952903e-01	-1.255042e+00	-7.803566e-01	-2.052592e-01	-1.446895e+00	-8.505324e-01	6.156640e-01	-2.426199e+00	3.294982e-01	-2.423826e-01	-1.127091e+00	8.921331e-01	1.050861e+00	-1.290677e+00	-6.935054e-01	-1.171938e+00	1.332214e-01	-4.299139e-01	-1.591631e+00	-5.400433e-01	-7.330413e-01	1.414297e+00	1.409619e+00	7.267374e-01	-1.627382e-01	-4.632768e-01	8.656818e-01	-2.059202e+00	-2.070319e+00	2.706607e-01	-1.454396e+00	-3.868490e-01	1.955542e+00	1.725780e+00	-3.391266e-01	4.460360e-01	-4.370297e-01	1.404878e+00	1.474582e+00	1.213193e+00	-1.044565e+00	-9.262471e-01	1.354789e+00	1.782060e-01	-7.210307e-01	-4.349360e-01	6.370351e-01	-6.034977e-01	-1.267895e+00	-3.656488e-01	8.052672e-01	1.620004e-01	7.188665e-01	2.979102e-01	4.368242e+00	2.082098e-01	-1.044624e-01	-3.298447e-01	1.452534e+00	1.894842e+00	9.290036e-03	-7.042241e-01	-9.391956e-01	6.637816e-01	-1.282690e-01	-1.446547e+00	1.782502e-01	-2.551590e-01	-3.646993e-01	-2.159284e-01	1.051039e-01	3.409516e-02	-1.774249e-01	-8.976116e-01	1.531076e+00	-1.199852e+00	-1.613033e+00	-1.945105e+00	3.636719e-01	-1.636158e+00	1.498583e+00	3.628487e-01	-1.564444e+00	-2.727805e+00	-2.056623e+00	1.119953e+00	-1.839202e-01	-8.206198e-01	1.299272e-01	1.212251e+00	-3.448056e-01	
5.941738e-01	-3.472590e-01	-1.757405e+00	-8.775783e-02	4.080871e-01	2.735177e-01	-1.179356e+00	1.442621e-01	-9.677804e-01	-3.833858e-01	-4.443019e-01	1.504997e-02	-1.888624e-01	3.871482e-01	1.543807e+00	-1.142026e+00	1.914480e+00	-1.046878e-01	4.065790e-01	-5.548829e-01	2.854438e-01	2.227077e+00	-2.243902e+00	6.991095e-01	-1.908877e+00	3.177381e-01	-1.875576e+00	-8.798448e-01	-4.262839e-03	5.740631e-01	1.061387e+00	1.467627e+00	-1.191964e+00	9.473893e-01	-4.458819e-01	8.354763e-01	-9.054766e-01	-6.730246e-01	1.118618e+00	-2.777202e-01	-2.398194e+00	1.237356e+00	1.024944e+00	7.446928e-01	1.238218e+00	-5.782936e-01	-3.630242e-01	1.337154e+00	1.787397e-01	2.020439e-01	1.757659e-01	-6.715787e-01	1.441352e+00	2.032191e-01	8.643466e-01	1.731137e+00	-1.003297e+00	-3.923597e-01	-5.645927e-01	-3.426443e-01	9.209656e-01	4.334368e-01	-3.212542e+00	-2.731426e+00	2.331746e+00	1.524359e-01	2.053360e+00	-1.786143e+00	1.594998e+00	-4.379991e-01	-2.163801e+00	-6.489617e-02	6.251971e-02	-2.144751e-01	4.572176e-03	1.454699e+00	9.420479e-02	-1.501017e-04	-1.964533e+00	2.188141e+00	8.900149e-01	9.564548e-01	-7.080136e-01	-8.063764e-01	-8.139776e-01	1.626875e+00	8.424064e-01	3.993025e-01	1.340748e+00	-1.253865e+00	-1.528801e-01	-1.959528e-01	3.687934e+00	-6.897793e-01	-1.709565e+00	-2.225528e-01	1.931862e+00	6.521332e-01	1.103568e+00	8.684173e-01	-4.157786e-01	-1.171274e+00	6.488448e-01	1.063955e-01	-1.934409e-01	-2.565673e-01	3.333623e-01	-1.440656e+00	3.670100e-01	8.400204e-01	1.316045e+00	1.164762e+00	-2.838471e-03	-9.463052e-01	-3.498016e-01	-1.655233e+00	-5.995546e-01	7.744418e-01	4.207279e-01	-6.065762e-02	7.582527e-01	1.606381e-01	1.691930e+00	-1.564793e+00	-1.823678e+00	-5.637451e-01	3.091576e-01	8.763360e-01	-1.926912e+00	-9.569063e-01	-2.760964e-01	-2.386953e+00	1.008719e+00	1.144299e+00	5.761173e-01	-1.266273e-01	1.135209e+00	-7.981154e-01	2.075191e-01	1.479481e+00	-1.878890e+00	-1.412841e+00	-9.114169e-01	1.844731e-01	-6.023477e-01	6.438674e-02	-9.564755e-01	-2.723173e-01	-7.062640e-01	-1.743657e+00	-1.348197e+00	2.521994e+00	1.812202e+00	-9.059914e-02	6.400505e-01	-1.137283e+00	6.441336e-01	4.546616e-01	-2.188561e+00	6.558427e-01	5.198317e-02	1.858943e+00	5.340609e+00	-1.969329e+00	7.128149e-01	4.193654e-01	2.074183e-02	-8.328992e-01	-7.379747e-01	-5.739343e-03	-5.966723e-01	1.889076e+00	-3.899781e-01	-1.539974e+00	4.144639e+00	1.543009e+00	1.818367e-01	-6.036075e-01	-8.028778e-01	-9.112889e-01	-1.317639e+00	2.444023e-01	-2.249950e+00	-1.355625e+00	-1.271775e+00	6.926540e-01	1.786177e-01	-3.849010e-01	-7.269967e-01	2.785264e+00	-1.532746e+00	5.546491e-01	-1.810014e+00	2.519829e+00	-2.148896e+00	-5.140876e+00	-4.063121e-01	-1.674103e-01	-1.675136e+00	1.441662e-01	-6.320772e-01	7.488006e-01	8.536244e-01	4.702229e-01	8.707664e-01	2.090422e+00	-2.283408e+00	3.218315e-01	-1.892327e-01	1.217848e+00	7.044478e-01	-1.570871e+00	4.486122e+00	-1.449633e+00	1.447912e+00	-1.853008e-01	-2.069025e-01	-1.451874e+00	-1.519855e+00	-5.566684e-03	-2.756296e+00	6.851205e-01	-1.371053e+00	-1.137447e-01	-1.008372e-01	-1.748428e+00	6.500381e-01	-7.269423e+01	1.677907e+00	6.417575e-02	-1.618500e+00	3.835270e-01	-1.377601e+00	2.050440e-01	-2.607974e+00	6.758463e-01	1.309367e+00	-2.361447e+00	3.147115e-01	-3.570083e-01	-6.178139e-02	1.865598e+00	-3.721913e-01	-1.810618e+00	-2.137761e+00	-9.256755e-01	8.880167e-01	-2.017501e+00	-4.342513e-01	6.327378e-01	-1.643352e+00	1.267820e+00	7.967277e-01	-1.378349e-01	2.556394e-01	-1.358449e+00	-4.671800e-01	1.002657e+00	-4.302304e-01	1.766892e-01	1.011764e-01	-9.686570e-01	1.784679e+00	4.080365e-01	2.154519e+00	-4.848728e-01	1.368411e-02	3.365361e-01	-5.561301e-01	1.315782e+00	-1.345965e+00	2.461319e+00	6.612843e-02	-1.196330e+00	1.498187e+00	3.235285e-01	-3.845709e+00	-4.114944e-01	2.491778e-01	2.139215e+00	6.045200e-01	-7.434677e-01	-3.463238e-01	-3.747546e-01	-8.879039e-01	1.123800e+00	2.106387e+00	6.502540e-01	-3.544180e-01	5.986606e-01	3.908826e-01	-8.769226e-01	2.094814e-01	5.311191e-01	-2.299814e-01	-7.924780e-01	-5.937921e-01	-3.852071e-01	-1.966496e+00	-5.991994e-01	1.039156e+00	1.020341e+00	-1.799740e-01	-1.788618e-01	-6.474257e-01	-1.130887e+00	-1.351631e+00	-4.902604e-01	1.238376e+00	6.795423e-02	-7.092717e-01	4.475453e-01	-2.277283e+00	-3.230179e+00	1.853697e+00	-2.341505e+00	2.026638e+00	-1.092067e-01	3.106297e-01	5.770002e-02	9.293436e-01	-1.340064e-02	1.810889e+00	2.262960e-01	-2.195517e+00	-9.385827e-01	-2.388287e-02	-1.261634e+00	-5.292011e-01	-1.653017e-01	-1.303912e-01	2.329856e+00	-7.428783e-01	-2.754153e+00	-9.299537e-01	-3.214230e-02	-5.902558e-01	-7.057574e-02	-2.647136e+00	2.106323e-01	-1.904596e+00	-2.391143e+00	3.580415e+00	-1.323213e+00	-3.736860e-02	1.053663e-01	2.867347e-01	-8.807945e-02	-8.987463e-01	-8.937098e-01	6.358685e-01	2.241501e-01	-8.185949e-01	8.943732e-01	2.790506e-01	1.580508e-01	-6.915745e-01	-1.818510e+00	9.377166e-01	-2.972035e+00	-4.730081e-01	-8.990592e-01	-1.201333e+00	-7.910112e-01	-9.132716e-01	1.236718e+00	-4.171672e-01	-1.093398e+00	4.494315e-01	2.044356e+00	2.983445e-01	-2.795496e-01	-1.293926e+00	-7.990232e-01	1.073286e+00	2.444263e-01	-1.010873e+00	-1.311200e+00	4.661876e-01	-1.351804e+00	-1.425751e+00	-6.147860e-01	-3.072493e+00	-1.147630e-01	1.086864e+00	1.887861e-01	2.291684e+00	-3.526384e-01	-6.954664e-01	1.059823e+00	2.469351e-01	2.094887e+00	-2.150802e-01	-3.150430e+00	4.405762e-01	4.547006e-01	-7.915010e-01	8.423752e-01	-1.746167e+00	-1.524954e-01	-9.397274e-01	3.147458e-02	1.165398e+00	-6.608524e-01	-8.019101e-02	1.010727e+00	6.924086e-01	-7.670991e-01	2.364844e-01	8.017615e-01	3.585673e+00	5.310117e-01	8.416946e-01	-1.745525e+00	4.144149e-01	-3.182849e-01	-2.194566e+00	-1.140931e+00	-1.490324e+00	-1.092948e+00	-3.047840e-01	-1.186414e+00	-5.165160e-01	-1.705370e+00	-3.671208e-01	-8.379249e-01	3.907177e-01	-1.027021e+00	-1.428191e+00	-1.089952e+00	-8.088189e-01	-8.132388e-01	6.831702e-01	-4.763009e-02	3.216159e-02	2.543424e-01	1.166584e+00	-7.477597e-01	5.604768e-01	-1.348601e+00	1.588732e+00	1.936946e-01	-2.038514e+00	-1.222953e+00	-6.839332e-02	4.459631e-01	-4.964818e-01	-4.502764e-01	3.223855e-01	1.920009e+00	5.840675e-01	1.970593e-01	1.385121e+00	-7.367607e-01	2.782195e+00	-5.688295e-01	-1.216522e+00	8.062207e-02	-3.665192e-02	2.073030e-01	-5.144409e-01	2.403834e+00	1.631880e-01	5.262920e-02	9.304758e-01	1.395565e+00	4.361827e-01	-9.224933e-01	-2.323734e-01	9.995649e-01	-3.593491e-01	3.203457e-01	8.579747e-02	-8.396263e-01	-9.479430e-01	-4.948440e-01	5.143176e-01	-6.848761e-01	8.985820e-01	3.062901e+00	6.515525e-01	-1.206558e+00	1.611959e+00	4.961627e-02	4.964982e-01	1.128492e-01	9.042540e-01	6.100329e-01	4.106710e+00	-1.699829e-01	1.918773e+00	4.730027e-01	5.800534e-01	-3.686112e-01	-2.220612e-01	2.079169e+00	3.853237e-01	1.658690e-01	2.937335e+00	9.217431e-01	4.300790e-01	1.545240e+00	-1.056371e+00	2.172645e+00	5.066571e-01	-1.798812e+00	-1.165253e+00	4.176393e-01	-9.476683e-01	-1.744210e+00	2.298439e-02	-1.559186e+00	-2.248495e+00	2.118606e-01	1.960979e-01	1.739947e-01	-3.512905e-02	-8.963871e-01	-3.995362e-01	-5.583203e-01	8.780661e-01	-1.579169e+00	1.644333e-01	-2.203371e+00	-1.332874e-01	-2.030639e+00	-1.083113e+00	-2.233212e+00	2.654792e-01	6.919579e-01	-1.032341e+00	2.317626e+00	-1.095405e+00	6.124308e-01	-1.924747e-01	1.613099e+00	7.104524e-01	2.195631e-01	6.646381e-01	4.089465e-01	2.445494e-01	-1.109310e+00	4.750482e-01	6.880127e-01	-3.436342e-01	-1.490504e+00	-1.096374e+00	2.294558e+00	2.397166e+00	2.434184e-01	-1.352262e+00	-1.113006e+00	-1.383154e+00	4.189744e-01	-6.003321e-01	1.177217e+00	9.144866e-01	-4.716823e-01	1.562875e+00	4.485168e-01	-5.974549e-01	-1.016996e+00	-4.642307e-01	6.233819e-01	-5.146459e-01	1.263787e+00	-1.325939e+00	2.344327e-02	3.493208e-02	2.178167e-01	-8.348752e-01	6.930100e-01	2.121809e-02	-2.349088e-02	2.632643e-01	-3.390239e-01	-1.637317e+00	-4.937300e-01	3.159143e-01	5.846068e-01	-3.667060e-01	-4.917120e-01	5.561328e-01	7.211508e-01	1.117106e+00	-3.448741e-01	-3.235357e-01	-4.014706e-01	-1.227536e+00	-7.359836e-01	4.135262e-01	5.700625e-01	-1.021932e+00	-3.532521e-01	-1.984318e+00	1.212084e+00	-3.790579e-01	-1.720030e+00	1.431175e+00	2.527436e+00	-1.757092e+00	-2.966796e-01	-1.634881e+00	-4.438535e-01	-1.765099e+00	5.832746e-01	8.340385e-01	-1.265680e+00	-1.537340e+00	-7.536725e-01	-1.348277e+00	-6.595770e-01	1.546626e+00	-3.875764e-01	1.053617e+00	-3.912773e-01	1.490766e+00	1.352654e+00	1.443230e-01	4.101409e-01	4.103921e-01	-1.729464e+00	1.785256e+00	6.424797e-01	1.133124e+00	5.323399e-01	9.432229e-01	1.621470e+00	-5.138177e-01	1.170876e+00	-2.096117e-01	-9.941860e-03	3.793691e-01	-1.946183e+00	4.250846e-01	7.972835e-01	-1.086994e+00	2.303582e+00	-6.893396e-01	4.326695e-01	1.628531e-01	4.831174e-01	1.584383e+00	-1.138062e+00	-1.131560e+00	1.079086e+00	-9.104252e-01	2.420636e+00	1.440586e-01	-3.097980e-01	6.526319e-01	-1.279099e+00	-7.696018e-01	-1.996989e+00	1.058983e+00	-7.509350e-01	6.553863e-01	-1.182493e+00	-8.214718e-01	9.071767e-01	-1.242008e+00	8.772484e-01	2.688738e-01	-7.456485e-01	-7.585788e-01	-6.343633e-01	5.765647e-01	-3.903255e-01	1.186030e+00	-4.685830e-01	-5.122983e-01	8.738034e-01	2.418582e+00	2.023198e-01	2.595774e-01	-4.887164e-01	-2.360364e-01	-5.451012e-01	-4.237437e-01	-4.673842e-01	-5.213013e-01	-2.614269e+00	-3.593600e-02	8.802561e-01	-1.806680e+00	1.247933e+00	-5.166132e-01	-8.175513e-01	2.607993e-01	-1.079886e+00	-2.537140e+00	-1.671832e-01	1.843351e-01	-2.195303e-01	-1.308020e+00	-1.254058e+00	5.567179e-01	-2.511313e-01	3.535477e+00	4.516980e-01	1.294371e+00	-8.906645e-01	-2.109710e-01	9.024588e-01	-1.523121e+00	-2.553804e+00	-2.731003e-01	-1.629707e+00	-7.166266e-01	9.133855e-01	7.593269e-01	-9.803782e-01	5.827311e-01	-1.040971e+00	8.036664e-01	-1.725261e-03	1.230276e+00	-4.365142e-01	-1.653600e+00	2.359841e+00	-1.415443e-01	-1.304598e+00	2.353898e-02	1.886822e+00	-1.019569e+00	-4.926719e-01	-1.229138e+00	6.105745e-01	9.372534e-01	2.093194e+00	4.406424e-01	4.545075e+00	-3.010890e-01	-3.864005e-01	3.060240e-01	1.885709e+00	1.519606e+00	7.549268e-01	-6.598598e-01	-1.563128e+00	1.338381e+00	-3.691822e-02	-5.575818e-01	2.334342e-01	1.700532e-01	-1.324451e+00	-4.282441e-01	-5.904451e-02	-8.115020e-02	-7.496928e-01	-1.414782e-01	-6.351789e-01	-1.132399e+00	-2.095240e+00	7.096215e-01	7.732090e-01	-1.376304e+00	2.585999e+00	8.376974e-01	-1.628820e+00	-2.249003e+00	-7.437620e-01	-2.230163e-01	-2.433345e+00	-9.639565e-01	7.160585e-01	1.221156e+00	1.023238e+00	
1.772271e-01	-5.921078e-01	-1.295786e-01	-2.431805e-01	3.429886e-01	1.662554e-01	-9.450355e-01	-2.233596e-01	-8.818367e-01	-1.121915e+00	-1.345227e-01	5.600534e-01	-2.806536e-01	-1.492012e-01	-6.994073e-01	-1.176243e+00	7.888932e-01	8.460341e-02	-2.630303e-02	-1.770491e+00	-8.018889e-02	1.846666e+00	-5.415485e-01	-1.655474e-01	-1.538557e+00	-8.946011e-02	-1.653169e-01	-1.744961e+00	-8.832483e-01	-1.354390e-01	8.392295e-01	3.765054e-01	-8.137503e-01	1.511897e+00	-5.057146e-01	1.304989e+00	-1.060045e-01	-9.892027e-01	-2.941007e-01	-2.334393e-01	-1.061243e+00	1.665049e+00	-4.907609e-01	9.311862e-01	3.181896e-01	-1.011491e+00	-1.803629e+00	1.786572e+00	-6.339941e-01	4.447936e-01	5.086188e-01	-5.484297e-01	2.657989e+00	8.457861e-01	-3.105364e-01	2.315926e-01	7.554969e-01	-1.287426e-01	-1.210785e+00	-1.079581e+00	-4.782026e-01	1.838914e-01	-2.930754e+00	-1.347739e+00	1.589376e-01	5.964383e-01	1.010809e+00	-7.496710e-01	3.477831e-01	7.406158e-02	-2.080175e-01	2.152160e-01	1.109157e+00	-1.024544e+00	-6.331028e-03	1.315728e+00	5.698297e-02	-1.159693e+00	-1.608138e+00	-1.469265e+00	5.694748e-01	5.784225e-01	-1.222721e-01	-1.190640e+00	2.566758e-01	3.271259e-01	8.048701e-01	-3.223595e-01	1.918094e+00	-1.500596e+00	3.386921e-01	1.075300e+00	1.554327e+00	6.972762e-01	-4.967954e-01	-2.006357e-02	8.805060e-02	1.033091e+00	2.087438e-01	1.017802e-01	-1.022593e+00	-1.216844e+00	-2.207131e-01	2.678355e-02	1.374653e+00	5.095946e-03	9.414057e-01	1.795017e-01	7.741759e-02	1.141251e+00	4.769472e-01	1.305132e+00	1.475580e+00	-1.185726e+00	1.083848e+00	1.812585e-01	-7.977670e-01	-4.006983e-01	-2.666263e-02	-1.453830e+00	-5.452826e-01	-1.283306e+00	5.529844e-01	-9.528529e-01	1.742796e-01	-9.073631e-01	3.065784e-01	9.330242e-01	-1.819979e+00	8.386393e-01	2.526959e-01	-9.696822e-01	4.801789e-01	1.257476e+00	-6.557384e-01	-5.169472e-01	2.662624e-01	-1.334196e+00	-2.317004e-01	1.667521e+00	-1.747966e+00	3.668067e-01	-9.064838e-01	1.122254e+00	-8.453635e-03	-3.288797e-01	-2.013718e+00	6.827790e-01	-1.622300e+00	-1.377575e+00	-1.235829e+00	1.729279e+00	1.334893e+00	-6.098179e-02	6.668760e-01	-1.297601e+00	7.662552e-02	-4.693199e-01	-1.354809e+00	1.679243e+00	-8.099293e-01	2.088763e+00	4.198053e+00	-3.617469e-01	6.195458e-02	-1.128486e+00	-3.558626e-01	7.118686e-02	-1.217979e+00	-8.352085e-01	-5.136501e-01	-5.667086e-02	8.727560e-02	6.145055e-01	1.711203e+00	1.854764e+00	-1.690168e-06	-7.638277e-01	4.117850e-01	-2.863775e-01	-2.925977e-01	-7.486138e-01	-1.160496e+00	-6.610972e-01	-5.054495e-01	5.376678e-01	3.798440e-01	2.051476e+00	4.057571e-01	1.029106e+00	-1.917405e+00	-9.851714e-01	-1.530380e+00	2.410581e+00	-1.509449e+00	-6.021294e+00	-1.309517e+00	-9.483681e-02	-9.069927e-01	7.219688e-01	-7.868376e-01	2.036235e-01	7.691447e-01	1.140506e+00	7.930654e-01	1.866601e+00	-5.903030e-01	4.379405e-01	-1.033602e-01	-1.187606e-01	-5.079602e-01	7.686550e-01	3.908616e+00	-1.294622e+00	7.289678e-01	1.458955e+00	6.844719e-02	-1.799547e+00	-1.870607e+00	-3.807596e-01	-2.023668e+00	-1.561261e-02	-1.991214e+00	1.077622e+00	-3.238505e-01	-1.669466e+00	1.264584e+00	-6.698386e+01	5.690558e-01	-6.713187e-02	-1.212997e+00	9.294300e-02	-8.007344e-01	3.343039e-01	-2.451951e+00	1.238600e+00	5.166599e-01	-9.974963e-01	-2.300569e+00	4.213896e-01	-1.328387e+00	9.200142e-01	-3.538125e-01	4.686713e-01	-1.005813e+00	-4.406444e-02	7.631957e-02	-9.580443e-01	-1.631878e-01	6.142607e-01	-7.862221e-01	1.632591e+00	-5.970708e-01	1.612568e+00	-1.180131e+00	-9.484105e-01	5.025301e-01	-1.432988e+00	-1.470270e-01	-4.111829e-01	-5.731373e-01	2.293843e-01	1.625661e+00	1.587394e+00	2.387615e+00	-8.755537e-01	-9.136911e-02	6.431580e-01	-2.674286e-01	1.406931e+00	-1.469095e+00	1.890429e+00	1.603716e+00	2.397456e-01	5.440779e-01	7.160442e-01	-2.519463e+00	6.384207e-01	-6.865315e-01	1.417761e+00	1.049334e+00	5.187536e-01	-4.919269e-02	4.344114e-01	-4.068016e-01	8.932761e-02	5.858638e-01	7.344767e-01	7.413461e-01	-5.298210e-01	-2.741624e-01	-8.353072e-01	6.529552e-02	2.469411e-01	-1.114563e+00	-1.258511e+00	1.143413e+00	-4.772372e-01	-6.102853e-01	-7.511116e-01	1.099166e+00	8.863468e-01	2.500974e-01	-3.515227e-02	-3.996125e-01	7.268599e-02	-2.729712e+00	-1.291037e+00	7.266268e-01	9.203405e-01	-1.190399e+00	-6.492755e-02	-1.417996e+00	-2.820618e+00	1.658934e+00	-1.384649e+00	8.088979e-01	-6.891329e-01	1.433746e-01	1.338443e-01	3.588779e-02	-3.555525e-02	1.224596e+00	5.311091e-01	-1.800543e+00	-5.653694e-01	-2.545744e-01	-1.751924e+00	-1.511989e+00	2.117322e-01	5.384433e-02	1.823917e+00	-1.392311e-01	-1.686806e+00	-4.176260e-01	-3.372239e-01	-8.234732e-01	1.044839e+00	-1.940170e+00	1.209715e-01	-1.914079e+00	-1.782389e+00	1.876910e+00	-6.057279e-01	1.478852e+00	2.489960e-01	-6.176550e-01	-1.346918e+00	2.438482e-01	-2.569383e+00	2.277779e-01	3.323489e-01	2.858926e-01	6.375793e-01	-3.860429e-01	5.373119e-01	-2.457462e+00	-1.606945e+00	9.665332e-01	-3.279667e+00	-5.670806e-01	8.792700e-02	-7.209336e-01	-7.158111e-01	-7.251154e-01	1.376710e-01	5.248072e-01	-1.290768e-01	5.940384e-01	2.204365e+00	7.691808e-01	1.675113e-01	-3.400212e-01	-2.468318e+00	-1.874065e-01	-6.307559e-01	3.581655e-02	-1.098273e+00	1.683874e+00	-5.183128e-03	9.606215e-02	-9.857032e-01	-5.291386e-01	-4.577842e-01	8.008309e-01	-3.588076e-02	1.538087e+00	-2.883055e-01	-1.442581e-01	1.534864e+00	1.051191e-01	1.035447e+00	-1.437275e-01	-8.005112e-01	4.483604e-01	8.295521e-01	3.047209e-02	1.415918e+00	-3.577266e+00	1.455493e-01	-5.688635e-01	8.123932e-01	1.603381e+00	-3.480988e-01	-7.031420e-01	1.647673e+00	1.451404e+00	9.059708e-01	3.598230e-01	1.335791e+00	2.081751e+00	7.206795e-01	1.139207e+00	5.199456e-03	1.139910e+00	-1.755179e-01	-2.365915e-01	-1.086259e-01	-1.052715e+00	-5.853845e-01	-2.430463e-01	-5.707247e-01	-7.179918e-01	-3.581314e+00	2.066767e-01	7.393830e-01	4.035494e-01	8.222405e-01	4.649487e-01	-4.570748e-01	-7.975085e-01	8.093600e-01	1.565491e+00	-2.278021e-01	-7.859929e-01	4.380223e-01	4.270771e-01	-5.864289e-01	-2.530722e-01	-4.537379e-01	5.722954e-01	-4.075105e-01	-2.154248e-01	-5.457181e-01	7.124223e-01	5.483941e-01	-8.598995e-01	3.160439e-01	-5.667449e-01	5.930586e-01	-1.227347e-01	1.063689e+00	7.165179e-01	-1.343707e+00	1.533818e+00	-6.670356e-01	5.088849e-01	9.222470e-01	-3.128334e-02	-4.517783e-01	-1.051213e+00	2.297211e+00	3.730060e-02	-1.446975e+00	-5.976034e-01	-2.354162e-01	-6.614150e-01	-6.666504e-01	3.429569e-01	1.874440e+00	-2.551800e-01	-6.287647e-01	-9.035088e-01	-1.818851e-01	1.435156e+00	-5.999189e-01	1.955774e-01	-1.814134e+00	2.038157e+00	1.710942e+00	1.923052e+00	-3.910134e-01	3.135025e-01	-1.163794e+00	7.257439e-01	2.669014e-01	1.078235e+00	7.274048e-01	3.997952e+00	1.040424e+00	1.202120e-01	7.220175e-01	9.513260e-02	-5.998973e-01	-8.285338e-01	8.269944e-01	-2.339518e-01	3.931195e-01	1.410121e+00	2.907949e+00	2.352915e+00	2.025824e-01	-1.303859e+00	6.654428e-01	-2.078504e-01	8.537671e-02	-1.953908e+00	-6.442348e-01	-4.165380e-01	-1.008927e+00	6.406192e-02	-1.381268e+00	-1.408557e+00	-8.613702e-01	-9.591348e-03	5.315601e-01	-3.933544e-01	-5.581129e-01	-8.144742e-01	6.432445e-01	5.910048e-01	-1.190406e+00	-1.638001e+00	-1.993401e+00	3.775133e-01	-3.666441e+00	-1.536144e+00	-1.228640e+00	-6.196423e-01	-4.594452e-01	-7.931405e-01	2.432140e+00	1.041067e-01	7.634298e-01	7.311153e-01	1.007018e+00	-7.760443e-01	-1.702413e-01	8.424539e-01	-1.540971e-01	1.744720e-01	-1.547379e+00	-2.611168e-01	-2.722397e-01	-1.083167e+00	-5.348394e-01	-7.633517e-01	1.610893e+00	7.365010e-01	-1.500469e+00	-2.731553e-01	-2.000903e+00	-5.654650e-01	-7.940927e-01	-1.057893e+00	-4.008943e-01	-1.441419e-01	1.518323e-01	1.467041e+00	3.981991e-01	7.402634e-01	-3.395070e-01	-1.178091e-01	-7.610282e-01	-2.809475e-01	-1.069561e-01	-1.348203e+00	-1.321819e+00	6.546803e-01	1.005544e+00	-5.951948e-01	3.562616e-01	2.544723e-01	-5.254279e-01	-4.952929e-01	1.288290e-01	4.340689e-01	-4.137973e-01	2.399970e-01	2.921937e-01	1.059847e-01	-2.458554e-01	-4.314593e-02	4.126799e-01	1.614359e+00	-4.720791e-02	-9.685970e-01	-6.632349e-01	-6.227642e-01	-1.525771e+00	6.419017e-01	-3.795257e-01	-7.158716e-01	-1.412535e+00	-4.810029e-01	5.016258e-01	6.379066e-01	-8.687525e-01	6.099559e-01	3.922715e+00	-7.674702e-01	1.601611e-02	2.721695e-01	-1.061871e+00	-2.302069e-01	4.779298e-01	6.115581e-01	-6.086145e-01	-1.657463e+00	-1.043995e+00	-6.986944e-01	-6.591273e-01	1.551289e+00	-1.116411e+00	1.963536e+00	-2.727003e-01	-4.358242e-02	5.497326e-01	3.979153e-01	1.068328e+00	9.540401e-01	-2.127376e-01	2.111001e+00	-4.334502e-01	3.863997e-02	-1.177375e-01	2.849257e-01	1.233722e+00	-3.491414e-02	3.842620e-01	-1.642898e+00	1.035324e+00	2.076082e-01	-1.282122e+00	-5.837453e-01	4.272586e-01	-6.512200e-01	7.613469e-01	-2.024060e-01	2.425864e-01	4.538616e-01	1.258103e+00	2.386414e+00	-8.546342e-01	-1.453346e+00	-9.363591e-02	-9.092774e-01	1.770282e+00	1.324550e+00	-5.807381e-01	4.592892e-01	-9.168452e-01	-6.573436e-01	-1.035841e+00	3.452620e-01	-1.070236e+00	1.536858e+00	-1.320810e+00	7.293508e-01	5.317269e-01	-6.987026e-01	1.111952e+00	-9.872623e-01	-4.822453e-01	-9.338514e-01	-3.412698e-01	2.360182e-01	2.328618e-01	1.125992e+00	-2.196383e-02	-9.518549e-01	3.902702e-01	8.237816e-01	4.680359e-03	1.383433e+00	3.245804e-01	-8.918327e-01	3.287644e-01	-1.453479e+00	-5.179572e-01	2.149749e-01	-2.872760e-01	9.135731e-01	1.664853e-01	-1.232043e+00	3.192982e-01	9.817992e-01	-2.424145e-01	-1.447413e+00	-4.994788e-01	-1.523138e+00	-7.596504e-01	-2.237186e+00	-1.402186e-01	-1.768260e+00	-1.374201e+00	-1.737721e-01	-5.024579e-01	2.503720e+00	-1.258849e+00	3.623481e-01	2.293776e+00	-3.406716e-01	-6.734637e-01	-2.132546e+00	-1.638419e+00	-4.094449e-01	-1.957473e+00	-1.100373e+00	1.728198e+00	7.884201e-01	-1.204534e+00	1.147785e-01	2.233714e-01	5.662032e-02	8.890004e-01	1.105252e+00	-5.780421e-01	-1.756300e+00	1.053288e+00	3.452275e-01	-2.041323e+00	9.440283e-01	1.566113e+00	-8.982261e-01	-4.285738e-01	3.349468e-01	6.168845e-01	-8.601780e-01	-4.204842e-01	-1.390908e-01	7.962788e+00	-1.885596e-02	-1.060477e+00	-1.129977e-01	3.682583e-01	1.803472e+00	9.505087e-01	4.188462e-01	-2.497563e+00	3.205536e-01	5.604832e-01	-7.349499e-01	1.217940e+00	-9.630186e-01	1.858890e-01	2.117648e+00	-6.002900e-01	-1.624620e-01	-3.095411e-01	-3.397044e-01	1.308544e-01	-5.402452e-01	-7.739596e-01	-5.773828e-01	-6.671777e-01	-3.129791e+00	1.076883e+00	3.681794e-01	-2.141421e+00	-2.467748e+00	-3.387567e+00	7.229242e-01	-1.460568e+00	-1.789956e+00	7.810131e-01	6.240360e-01	-6.421643e-01	
1.561729e-01	-3.873732e-01	-1.304906e+00	2.113655e-01	2.053236e-01	-2.052193e-01	-9.397282e-01	2.850409e-01	-8.830054e-01	-1.705699e+00	-3.927664e-01	6.818488e-01	4.463514e-01	-1.113456e-01	-4.982335e-01	-1.891190e+00	1.026219e+00	-1.458431e-01	2.980116e-01	-1.120137e+00	-2.726083e-01	1.471454e+00	-8.130181e-01	6.359025e-01	-1.954890e+00	1.244684e+00	-1.395931e-01	-1.049147e+00	-1.004683e+00	-2.786185e-01	1.665925e+00	1.739948e+00	-2.372901e+00	1.686994e+00	-1.017808e+00	1.015927e+00	-4.618746e-01	-1.698764e+00	-2.558582e-01	-5.182382e-01	-2.237397e+00	1.262961e+00	-3.885999e-01	2.005737e+00	5.416440e-01	-1.027688e+00	-1.005088e+00	1.602751e+00	-3.973309e-01	1.788479e+00	6.817262e-01	-2.886964e-01	1.904370e+00	3.710489e-01	-3.898969e-02	5.054204e-01	9.052512e-02	-1.105749e+00	-1.595224e+00	-1.465807e+00	5.644355e-02	3.959109e-01	-2.096790e+00	-1.878435e+00	8.166163e-01	6.015915e-01	4.457652e-01	-7.175849e-01	7.590780e-01	8.919013e-01	-6.522272e-01	7.132112e-01	1.742080e+00	-8.626223e-01	-1.943844e-01	1.760351e+00	3.452589e-02	-3.529709e-01	-4.433075e-01	-4.542866e-01	8.736318e-01	1.900291e-01	1.520069e+00	-1.415416e+00	8.239345e-01	1.530337e+00	8.598729e-01	-1.309415e-02	2.268399e+00	-2.077967e+00	1.076815e-01	9.633921e-01	1.979257e+00	4.943213e-02	-6.212779e-01	2.472889e-01	1.400693e-01	3.445514e-01	8.518726e-01	-7.084141e-02	-1.316826e+00	-1.272730e+00	-5.626404e-01	-3.596243e-01	-4.839938e-01	1.671737e-01	8.076394e-01	-1.392613e+00	2.040820e-01	1.188432e+00	1.086144e+00	2.389932e-01	1.125688e+00	-1.770534e+00	2.919152e-01	-5.100192e-01	-8.952702e-01	8.356569e-02	1.904236e-01	-7.244317e-01	8.694273e-01	-1.013931e+00	1.384349e+00	-6.964536e-01	-8.124201e-01	-6.784966e-01	-3.384727e-01	2.037195e+00	-2.822390e+00	-3.247885e-01	3.829264e-01	-1.691645e+00	8.197758e-01	1.306444e+00	-1.416433e-01	-1.123404e+00	-4.033424e-01	-7.912780e-01	3.148495e-01	1.854988e+00	-9.613937e-01	-9.758320e-02	-4.084672e-01	-1.515578e-01	-1.516840e+00	-9.729406e-01	-2.399644e+00	-7.226198e-01	-1.148824e+00	-2.964610e+00	-4.786993e-01	2.587164e+00	6.206346e-01	3.552925e-02	1.199488e+00	-6.427393e-01	9.942468e-01	6.682125e-01	-1.772161e+00	3.804036e-01	-1.769754e+00	2.234241e+00	5.325953e+00	-1.828140e+00	-3.583858e-02	-1.519185e+00	-2.958218e-01	-1.245285e+00	-1.249597e+00	-1.042900e+00	-3.724145e-01	9.880576e-01	9.534365e-02	-2.415778e-01	3.382604e+00	1.927557e+00	2.691065e-01	-6.289323e-01	3.800859e-01	-1.575536e+00	-1.056461e+00	-4.496784e-01	5.161262e-01	-7.834402e-01	-1.115749e+00	1.106332e+00	1.047747e-02	1.632662e+00	1.864886e-01	2.154121e+00	-1.376770e+00	-1.128116e+00	-1.440649e+00	2.627582e+00	-1.384195e+00	-5.309891e+00	-3.856849e-01	5.896468e-01	-7.852981e-01	9.563892e-01	-8.733346e-01	-4.033635e-01	8.003593e-01	2.399254e-01	9.931208e-01	2.324297e+00	-9.435246e-01	1.749972e+00	-2.790574e-01	5.325830e-01	-1.449577e+00	1.732046e-01	4.973906e+00	-1.680894e+00	1.579682e+00	1.082750e+00	-1.716041e-01	-1.606504e+00	-1.962235e+00	-7.951271e-01	-2.385224e+00	2.397524e-01	-2.168300e+00	1.633303e-01	-4.436183e-01	-1.430528e+00	8.427331e-01	-7.149699e+01	1.032287e+00	3.659509e-01	-1.681472e+00	-5.378667e-02	5.668255e-02	-2.705006e-02	-2.577646e+00	8.150492e-01	1.082061e+00	-1.880829e+00	-9.656178e-01	5.270968e-01	-2.020768e+00	1.043588e+00	-1.095198e+00	4.503672e-01	-1.004730e+00	-5.710415e-01	9.242773e-01	-1.098474e+00	-5.606991e-01	-5.921972e-01	-1.504525e+00	2.071498e+00	-2.247650e-01	1.131807e+00	-1.710798e+00	1.979872e-01	3.550885e-01	-9.089110e-01	8.767497e-02	-8.572167e-01	-4.418829e-01	-8.791924e-02	1.540167e+00	6.993352e-01	1.363094e+00	7.019774e-01	-6.605142e-01	1.468069e-01	7.348107e-01	2.982679e-01	-1.606014e+00	2.989450e+00	6.633271e-01	-4.682929e-01	4.385512e-01	4.654160e-01	-2.642282e+00	-1.279362e-01	1.128504e-01	1.384576e+00	-2.719949e-01	-7.522039e-01	5.850965e-01	6.476580e-01	-1.305395e+00	8.420851e-01	4.980362e-02	4.488967e-01	4.616920e-01	1.718105e-02	-1.065183e+00	-1.342333e+00	-7.662380e-01	-2.754106e-01	-1.360913e+00	-1.075152e+00	-7.031041e-01	-1.460892e-01	-1.143369e+00	-1.528622e+00	6.461501e-01	1.276992e+00	9.109494e-01	4.648318e-01	-1.700471e+00	-1.931977e+00	-1.658155e+00	-4.185880e-01	9.336297e-01	2.237850e-01	-1.496531e+00	7.096712e-01	-2.655993e+00	-2.601720e+00	2.546366e+00	-7.739685e-01	-3.716857e-01	-5.373929e-01	1.666691e-01	1.445927e-01	2.748895e-01	1.763101e-01	9.520118e-01	-1.643423e-01	-1.898966e+00	-1.064710e+00	5.817003e-01	-2.136052e+00	6.227954e-03	1.478479e+00	5.506412e-02	3.528849e+00	-9.698714e-02	-2.406443e+00	7.122452e-02	7.746556e-01	1.952443e-01	1.134347e-01	-2.147029e+00	9.329677e-01	-2.148538e+00	-1.132402e+00	1.440838e+00	-6.091059e-01	1.223750e+00	3.578265e-02	-5.813004e-01	-1.544749e+00	1.008941e-01	-2.091076e+00	-2.651872e-01	3.313548e-01	7.825863e-01	-6.368338e-01	-9.311924e-01	1.024758e+00	-1.587668e+00	-1.334803e+00	1.324840e+00	-2.247239e+00	-5.108172e-01	-2.837233e-01	-6.091232e-01	-1.060765e-01	-6.463804e-01	3.885547e-01	-2.602321e-01	-5.404775e-01	1.180459e+00	2.258894e+00	-6.530093e-01	1.031015e-01	2.576998e-01	-5.131282e-01	5.514905e-01	6.025565e-02	-2.027278e-01	-1.393423e+00	1.167147e+00	1.313770e-01	1.218175e-02	1.635410e-01	-2.338728e+00	-1.214287e+00	1.259005e+00	6.124087e-02	1.826006e+00	-6.709683e-01	-4.437257e-01	6.581112e-01	1.491439e-01	2.623074e+00	-1.340556e+00	-1.661275e+00	7.478700e-01	2.927137e-01	-2.564639e-01	1.382325e+00	-3.118819e+00	6.215599e-01	-1.294139e+00	4.611334e-01	1.232009e+00	-6.571465e-01	-5.591297e-01	2.051342e+00	1.856077e+00	1.163070e+00	1.059963e+00	1.765464e+00	2.221083e+00	1.163359e+00	1.373619e-01	1.633386e-01	2.349410e+00	3.323365e-01	-2.663161e-01	-2.370934e-02	-1.682837e+00	-7.001699e-01	9.987124e-01	-7.433541e-01	-7.745082e-01	-1.388981e+00	-1.285536e-01	3.760228e-01	1.713388e+00	-5.777400e-01	-1.089272e+00	-4.989024e-01	2.641603e-01	8.582607e-01	1.414169e+00	-1.584464e-01	-8.687024e-01	8.965270e-01	5.130088e-01	-3.277496e-02	-6.048827e-01	-1.319555e+00	1.031823e+00	-1.028646e-02	-3.820597e-01	-9.174874e-01	1.852141e-01	-8.118516e-01	-1.959632e+00	-2.818263e-01	9.499230e-01	1.754649e+00	-4.454800e-01	1.410670e+00	1.353414e-01	-1.155529e+00	2.161708e+00	-9.772888e-01	-5.523707e-01	6.517154e-01	-1.274836e+00	-5.336025e-01	-1.170671e+00	1.236870e+00	3.793012e-01	-1.093351e+00	-1.348285e-01	-9.936839e-01	-2.300198e-01	-3.253454e-01	-1.625261e-01	7.925559e-01	2.340705e-01	9.269249e-02	-1.796127e+00	-2.279090e-01	8.140094e-01	-5.799865e-01	-1.359426e+00	-8.409658e-01	9.566529e-01	1.278265e+00	1.826382e+00	4.514885e-01	6.905088e-01	-6.192715e-01	1.019817e+00	-2.230480e-01	3.882949e-01	3.476779e-01	3.249332e+00	2.365959e-01	9.240944e-01	-1.523675e-01	1.046859e+00	-5.720890e-01	-2.696551e-01	4.069026e-01	-5.040286e-01	2.786050e-01	1.541482e+00	1.730134e+00	1.980323e+00	1.439968e+00	-1.580012e+00	1.446007e+00	4.601598e-01	-4.039963e-01	-2.006432e+00	2.312090e-01	-1.165835e+00	-1.829994e+00	-3.762427e-01	-1.036706e+00	-1.182485e+00	-2.636553e-01	1.038078e-01	6.729343e-01	-4.670567e-01	-4.622425e-01	-7.008432e-01	6.958428e-01	8.891398e-01	-1.252371e+00	-1.518083e+00	-1.359600e+00	1.919007e-01	-3.209323e+00	-1.356240e+00	-2.472233e+00	-5.620950e-01	-1.123126e+00	1.135424e-01	2.156164e+00	3.578557e-01	1.380758e+00	4.545773e-01	1.525023e+00	-4.054668e-01	9.859886e-01	1.595747e+00	1.125936e-01	6.772706e-03	-1.231287e+00	1.322322e+00	4.405830e-01	-1.532699e+00	3.386621e-02	-7.110084e-01	1.277187e+00	5.941710e-01	-1.160906e+00	-2.985941e-01	-1.888874e+00	-9.428945e-01	-2.060721e-03	-2.156119e-01	6.304984e-01	4.078093e-01	3.748325e-01	1.605637e+00	9.077641e-01	1.313659e-01	4.033478e-01	-4.537176e-01	-1.689381e+00	-2.764960e-01	-1.305614e-01	-1.178864e+00	-8.189313e-01	7.959651e-01	1.492338e+00	-2.989795e-01	6.805064e-01	-1.954715e-01	-1.249141e+00	-2.209008e-01	7.915279e-02	2.650836e-01	1.920029e-01	-1.225137e-02	1.026062e+00	3.735136e-01	6.649901e-01	-1.301669e+00	-8.801024e-02	1.736256e+00	3.721003e-01	-7.563019e-01	-1.288654e+00	-5.938931e-03	-7.729132e-02	8.892627e-01	-2.643678e-01	-2.939164e+00	-1.287928e+00	-9.711026e-01	-8.536611e-02	2.026347e-01	-1.567684e+00	3.964574e-01	3.744245e+00	-1.000293e+00	-3.132596e-01	-7.929899e-01	-5.973455e-01	-1.370874e+00	-3.917207e-01	9.853036e-01	-7.910153e-01	-9.840652e-01	-1.321288e-02	-7.578237e-01	-1.202361e-01	9.566426e-01	-9.817958e-01	1.644825e+00	-1.495462e+00	-6.534718e-01	1.283141e+00	1.928045e-01	6.109664e-01	1.104808e+00	-7.866666e-01	1.861806e+00	2.772798e-01	9.993420e-01	1.740018e-01	6.531545e-01	1.172381e+00	-4.425250e-01	4.362995e-01	2.198269e-01	5.036471e-02	1.164122e-01	-1.494444e+00	-1.648482e-01	-6.283224e-02	-1.056966e+00	1.580199e+00	8.006924e-01	3.370539e-01	1.527306e+00	1.207644e+00	2.376562e+00	-3.715018e-01	-1.353582e+00	5.219099e-01	-4.707217e-01	2.094365e+00	2.825789e-01	7.332700e-02	1.931758e+00	-2.773664e-01	-1.991420e+00	-1.443104e+00	-3.363388e-01	2.859667e-01	4.388001e-01	-2.137650e+00	1.296155e+00	4.494634e-01	-9.464790e-02	1.262800e+00	-9.497511e-01	-1.134060e+00	-1.589128e+00	-5.865181e-01	5.598001e-01	1.975895e-01	1.580972e+00	8.072127e-02	-2.690480e-01	2.795104e-01	2.193877e+00	-1.087671e-02	1.879120e-01	6.540568e-01	-7.023693e-01	6.319073e-01	-1.681966e+00	-2.396820e-01	-6.147698e-01	-5.436018e-01	6.857616e-01	8.447447e-02	-8.188039e-01	1.136343e+00	4.775497e-01	1.698151e-01	-6.051192e-01	-7.662593e-01	-2.083488e+00	-5.077304e-01	-3.901891e-01	-6.378553e-01	-2.187639e+00	-5.935282e-01	-6.440840e-02	7.837270e-01	2.282682e+00	-4.814926e-01	2.300467e-01	6.103251e-01	-9.553521e-01	-3.865634e-01	-3.304062e+00	-9.496924e-01	-5.204139e-02	-1.856104e+00	-9.741848e-02	1.120764e+00	2.649842e+00	-2.157795e+00	7.298954e-01	2.767982e-01	7.323985e-02	1.500486e+00	1.026865e+00	-5.647343e-01	-1.869243e+00	1.689476e+00	1.858187e+00	-2.393320e+00	3.943016e-01	1.171279e+00	-1.192841e+00	1.738649e-01	3.385558e-01	8.965543e-01	-1.049488e-01	-6.525399e-01	1.306334e+00	6.339693e+00	-5.014787e-01	-1.366550e+00	1.539290e-01	9.818908e-01	1.248409e+00	1.013352e+00	1.990895e-01	-1.293865e+00	2.393447e-01	7.195235e-02	-1.074309e+00	-8.221635e-01	-1.021664e+00	8.481140e-01	2.738630e-01	-6.335488e-02	-5.270911e-03	-9.857513e-01	-6.357859e-01	2.668676e-01	-3.213922e-01	-7.965781e-01	-8.956169e-01	2.286512e-01	-1.875504e+00	9.736684e-01	4.904383e-01	-1.447034e+00	-2.644886e+00	-3.430715e+00	3.619264e-01	-1.371762e+00	-2.723036e+00	-5.830066e-01	1.102567e+00	5.280908e-02	
1.411655e+00	-1.248683e+00	-2.461957e-01	-2.711659e-01	2.803780e-01	1.137107e+00	-4.624294e-01	-1.312388e+00	-2.760343e-01	-1.890417e+00	4.073420e-01	4.630238e-01	2.258548e-01	-2.602305e-03	6.914332e-01	-1.943971e+00	-5.151808e-01	-2.296528e+00	2.830693e-01	-4.636904e-01	-9.627198e-03	2.073097e+00	-2.015915e+00	1.140476e+00	-9.184831e-02	7.811871e-01	-8.656946e-01	-1.755907e+00	3.304726e-01	-5.386314e-01	2.217232e+00	5.092679e-01	-1.426950e+00	9.921444e-01	-5.967942e-01	1.670788e+00	-1.574629e-01	-1.715671e+00	-1.142606e-01	2.558364e-01	-3.512542e-01	1.507640e+00	1.700805e-01	1.908967e+00	-6.118823e-01	-1.556688e-01	-1.849425e-01	1.997711e+00	-8.431005e-01	2.529776e-01	1.885678e+00	-6.539685e-02	1.977679e+00	4.099724e-01	7.209962e-02	-2.389963e-01	-5.474754e-01	-1.284119e+00	2.220971e-02	-7.193536e-01	-1.089848e+00	8.040239e-01	-3.377394e+00	-1.166368e+00	1.001359e+00	8.054895e-01	5.871015e-01	-1.438017e+00	1.409005e+00	6.260616e-01	-5.511898e-01	2.071735e-01	7.291576e-01	-1.384854e+00	8.227731e-01	1.015028e+00	-2.848813e-01	-9.214572e-01	-5.623656e-01	-1.734136e+00	1.134197e+00	-5.847102e-01	-9.187701e-02	-1.597652e+00	1.258179e-01	3.350975e-01	9.835004e-01	-4.376886e-01	1.556294e+00	-1.850046e+00	-7.366134e-02	1.394405e+00	2.410707e+00	8.638978e-01	-1.816871e+00	1.086858e+00	3.597744e-01	2.191330e-01	9.922440e-01	-7.307570e-01	-1.075684e+00	-1.661640e+00	5.062832e-01	-1.994832e-01	-6.209707e-01	6.952352e-01	4.129552e-01	-7.446353e-01	1.193816e-02	4.170896e-01	9.201252e-01	7.944505e-01	9.723487e-01	-1.389734e+00	-1.141945e+00	-5.570885e-01	-1.567929e+00	-1.000650e+00	6.089901e-01	-1.171142e+00	-4.092378e-02	-5.195720e-02	2.304958e+00	-4.694628e-01	-3.006995e-01	-6.532459e-01	-5.673414e-01	-6.275052e-02	-2.193556e+00	8.925701e-01	5.504255e-01	-1.740814e+00	5.678396e-01	8.425207e-01	-9.241099e-02	-2.394809e-01	-1.407799e-01	-6.067767e-01	6.685252e-01	1.717103e+00	-2.272297e+00	-7.975566e-01	-6.771336e-01	-1.980084e-01	1.177991e-01	1.788315e-01	-2.243637e+00	-1.107698e+00	-1.818895e+00	-2.617658e+00	-3.283155e-01	2.904686e+00	6.404199e-01	1.100744e+00	9.973459e-01	-7.074916e-01	1.106005e+00	3.511667e-01	-2.222553e+00	1.734178e+00	1.099741e+00	1.329585e+00	4.044205e+00	-1.685870e-01	-1.097246e+00	-1.784109e+00	8.835067e-01	-9.894188e-01	-7.336907e-01	-1.467658e+00	1.057262e-01	8.889898e-01	-5.843039e-01	5.091558e-01	2.783689e+00	1.836025e+00	6.492915e-01	-1.758015e+00	-7.274053e-02	5.881004e-01	3.692254e-01	1.553267e-01	-3.358038e-01	-2.026337e+00	-8.023154e-01	1.928428e-01	-1.001331e+00	9.604595e-01	-2.126743e-01	8.319158e-01	-1.011181e+00	-7.943048e-01	-1.595459e+00	1.675479e+00	-2.035813e+00	-6.106877e+00	-5.391607e-01	-1.770911e-02	-1.134834e+00	3.842511e-01	-1.006571e+00	6.941853e-01	-4.604014e-01	1.209051e+00	6.573809e-01	1.380008e+00	-1.914565e+00	9.438193e-01	-3.490486e-01	7.369111e-01	-2.267005e-01	4.394918e-02	5.613812e+00	-1.894990e+00	1.265410e+00	6.263551e-01	-3.213705e-01	-1.475148e+00	-1.670735e+00	-1.427951e+00	-2.626764e+00	-1.243877e+00	-2.137504e+00	6.987335e-01	-2.554260e-01	-2.407714e+00	6.788190e-01	-6.445891e+01	1.545843e+00	5.347714e-01	-2.186337e+00	1.262287e-01	-1.310332e+00	4.047720e-04	-1.658980e+00	-8.785471e-02	8.661599e-01	-1.948294e-01	-7.943796e-02	-6.500233e-01	-5.447367e-01	1.073300e+00	-5.450666e-01	3.131247e-01	-3.972160e-01	6.639093e-01	2.781935e-01	-6.332410e-01	-6.695156e-01	5.719026e-01	-8.691090e-01	2.025336e+00	-3.001504e-01	1.252825e+00	-8.258273e-01	6.481737e-01	-6.924900e-01	-5.788059e-01	-1.189781e+00	-3.300811e-01	1.078955e+00	7.637829e-01	1.139436e-01	-4.234385e-02	2.335847e+00	-4.059412e-01	9.568858e-01	-7.512104e-01	-7.651419e-02	-1.563081e-01	-2.059991e+00	2.780948e+00	-1.066097e-01	-5.714193e-01	1.362979e-01	6.559724e-02	-1.819302e+00	-2.438325e-01	-1.090958e+00	1.728395e+00	-3.556197e-01	-2.641471e-01	1.530391e-01	-1.570107e-01	8.199633e-02	1.441413e-01	1.821547e+00	6.326338e-01	-6.923358e-02	-1.724223e+00	-4.384061e-01	-3.348357e-01	-2.342203e-01	3.506961e-01	-1.188324e+00	-1.637080e+00	6.309228e-02	-1.044969e+00	-1.747449e+00	-2.386620e+00	2.155690e+00	1.007200e+00	-4.566578e-01	-1.050187e+00	-1.327410e+00	1.444210e-01	-2.295302e+00	-8.684565e-01	8.938759e-01	1.610480e+00	-1.572821e+00	2.768832e-01	-5.643627e-01	-3.571553e+00	1.475828e+00	-7.065958e-01	1.745230e+00	-9.478289e-01	-6.861883e-01	-3.316664e-01	2.439912e-01	1.206424e+00	1.537440e+00	7.739040e-01	-5.959221e-01	-7.524432e-01	1.148463e-01	-5.005116e-01	-5.128247e-01	1.225599e-01	-3.135599e-01	1.591788e+00	-9.325858e-01	-2.236195e+00	-9.578027e-01	-5.308529e-01	-9.228254e-01	5.366321e-01	-2.706139e+00	-1.028267e+00	-1.007681e+00	-3.183797e-01	1.614553e+00	-7.507182e-01	3.489203e-01	-3.052327e-01	-7.198637e-01	3.020973e-01	-4.570623e-01	-9.507278e-01	4.771566e-01	-6.800444e-01	1.319491e-01	-1.333006e-01	-1.832129e-01	5.986921e-02	-6.837875e-01	-8.501102e-01	1.428982e+00	-2.399031e+00	-2.888617e-01	-5.740289e-03	-1.056961e+00	-4.178663e-01	-1.271022e-01	-4.143739e-02	-1.043768e+00	-6.078703e-01	1.635132e+00	1.460994e+00	4.325648e-01	-5.264477e-01	-8.246278e-01	-1.505835e+00	8.935871e-01	1.438156e-01	-2.762861e-01	-1.148493e+00	8.638539e-01	8.614830e-01	3.143913e-01	-1.401246e+00	-1.938833e+00	-1.169902e+00	1.509380e+00	3.940023e-01	3.019088e+00	-4.244657e-01	-1.385513e+00	5.358229e-01	-1.161443e-02	5.843324e-01	2.207787e-01	-1.148157e+00	2.897208e-01	-9.541754e-01	-1.062615e+00	2.076730e+00	-2.447782e+00	8.854727e-01	6.157200e-01	7.917663e-01	8.808293e-01	-9.641541e-01	4.795818e-01	8.483998e-01	1.985134e+00	-4.204334e-01	1.218472e+00	1.353158e+00	2.559279e+00	-3.255286e-01	2.402374e+00	-1.181304e+00	1.403794e+00	-1.094736e+00	-1.997285e-01	-6.647243e-01	-1.119176e+00	-7.181835e-01	-2.435333e-01	-9.824489e-01	-5.537652e-01	-2.804530e+00	-5.962933e-02	7.390250e-01	8.623277e-02	-7.574142e-01	-6.045836e-01	1.508341e-01	-5.817282e-01	4.414807e-02	9.289042e-01	5.252928e-01	-8.371341e-01	-1.992667e-01	1.488142e+00	-5.981097e-01	-4.762650e-01	-5.805299e-01	3.409838e-01	2.097083e-01	2.500377e-01	-1.944402e-01	1.113147e+00	-3.763652e-01	-1.813590e+00	-1.978791e-01	1.511156e-01	1.485690e+00	-1.854671e-01	8.827108e-01	7.587232e-02	-1.744635e+00	2.413590e+00	-6.420527e-01	-4.677823e-01	6.581604e-01	-3.942111e-01	-5.639327e-01	-8.365731e-01	9.840611e-01	-6.828271e-01	-1.325907e+00	7.215218e-01	5.449513e-01	-3.040129e-01	-1.040547e-01	-2.618951e-01	3.222236e+00	-1.131129e-01	-1.070962e-01	-1.792361e+00	9.073899e-02	6.655778e-01	5.127728e-02	2.241463e+00	-1.482696e+00	1.135416e+00	1.944054e+00	1.955439e+00	-1.343388e-01	4.758178e-01	1.765449e-01	-8.478945e-02	1.329659e-01	3.818002e-01	-5.187407e-01	3.106319e+00	3.431698e-01	-6.040298e-01	9.531864e-01	7.179123e-02	-8.595204e-01	4.849682e-01	2.800228e-01	1.192391e+00	1.874001e-02	2.830159e+00	2.339464e+00	1.615521e+00	1.131256e-01	-1.623374e+00	1.457004e+00	-3.523515e-02	-3.272338e-01	-3.037279e+00	1.234980e+00	-6.485305e-01	-1.484749e-01	4.633493e-01	-6.418963e-01	-1.704050e+00	-1.300937e-01	3.731829e-01	5.165278e-01	1.199709e+00	7.387353e-01	-2.741023e-01	-3.253674e-01	1.161621e+00	-8.359299e-01	-2.690096e-01	-1.195120e+00	1.274550e+00	-2.027724e+00	-1.733890e+00	-1.717507e+00	-7.925971e-01	-6.214280e-03	-8.288583e-02	1.542610e+00	-3.567190e-01	4.760317e-01	-3.337266e-01	9.601813e-01	-3.342644e-01	-1.115684e+00	1.335800e+00	1.007574e+00	6.465805e-02	-3.033113e-01	-1.158066e+00	-4.777270e-01	-2.708973e-01	-8.099751e-01	-6.668681e-01	1.144261e+00	-7.618394e-02	-5.260040e-01	2.305099e-01	-1.719029e+00	-2.134174e-01	-1.631648e-01	-1.059789e+00	5.197595e-01	3.704330e-01	8.974732e-01	1.517160e+00	1.865355e+00	2.538940e-01	-1.042900e+00	2.205169e-01	1.002395e+00	-1.089588e+00	1.240483e+00	-3.217919e-01	7.630941e-01	7.078009e-01	1.017038e+00	-1.111040e+00	7.200865e-01	3.130564e-01	1.269494e-01	-1.368764e+00	-1.304317e+00	-1.034422e+00	-4.464687e-01	9.644177e-01	2.450001e-01	9.168454e-01	-1.049035e+00	5.860164e-01	1.230624e+00	1.440906e+00	1.212320e-02	-5.014687e-01	-1.853954e+00	-9.539784e-01	-7.031671e-01	-1.391018e-01	-1.725417e+00	-8.695173e-01	-8.586123e-01	-8.644689e-01	5.921022e-01	1.081981e+00	-1.079722e+00	5.163587e-01	4.865159e+00	-1.248103e+00	-8.689678e-01	-8.725240e-01	-1.727457e+00	-1.140762e+00	-1.227303e+00	2.264590e-01	1.211863e-01	4.412293e-02	6.099193e-01	-1.098004e+00	-1.094986e+00	3.053569e-01	-1.500736e+00	1.946521e+00	-1.351096e+00	1.952098e-01	-8.344506e-02	4.290228e-01	2.099887e-01	4.636626e-01	-3.897465e-01	2.501748e+00	-1.127754e+00	7.577425e-01	-4.317185e-01	5.120695e-01	4.042060e-02	-1.558250e+00	8.131851e-01	-1.154538e+00	1.325927e+00	-1.155665e+00	-1.298488e+00	-1.119947e+00	1.055498e+00	-5.985734e-01	9.394836e-01	-4.907459e-02	1.100575e+00	-5.117812e-01	4.611198e-01	2.507953e+00	-5.823494e-01	-1.086902e+00	3.658727e-01	-7.029752e-01	2.143280e+00	7.336251e-01	6.585424e-02	4.998015e-01	-1.379970e+00	-2.901019e-01	-1.449979e-01	-1.924288e-01	-7.633122e-01	8.766824e-01	-2.424150e+00	9.304626e-01	-3.365411e-01	1.217202e-01	1.931876e+00	2.838010e-01	2.947318e-01	-1.048140e+00	-1.493305e+00	1.216246e+00	4.698310e-01	2.043747e-01	1.189949e-01	-3.337440e-01	8.885394e-01	1.507948e+00	8.695506e-01	-5.585299e-01	-7.769681e-01	-6.182520e-02	-6.358570e-01	-1.326380e+00	-2.297189e-01	2.069513e-01	-9.365821e-01	4.643707e-01	7.957356e-01	-1.698922e+00	1.349562e+00	6.428041e-02	-1.664442e+00	5.568859e-02	-9.339218e-01	-1.229762e+00	9.426941e-01	1.893578e-01	-3.384606e-01	-2.714591e+00	-7.958314e-01	-1.453559e+00	-5.341530e-01	2.736378e+00	-2.328377e+00	1.021846e+00	2.603327e+00	-4.962335e-01	-3.405654e-01	-1.836939e+00	-1.783935e+00	6.019044e-01	-1.578311e+00	-1.449782e+00	9.330395e-01	1.640427e+00	-1.029366e+00	6.505716e-01	-6.368722e-01	1.679603e+00	6.283726e-01	2.871780e-01	-2.135790e+00	-1.819761e+00	1.691714e+00	-1.868020e-04	-2.261794e+00	8.432774e-01	1.054034e+00	-1.450871e+00	-1.561135e-01	-4.055257e-02	9.126646e-01	7.868221e-01	-5.253240e-01	1.181550e+00	5.752565e+00	6.637335e-01	-9.203862e-01	-1.480078e+00	-6.338184e-02	9.854276e-01	1.770379e+00	-1.903885e-02	-2.554735e+00	1.210973e+00	1.832355e-01	-7.464409e-01	8.758029e-01	-3.495147e-01	-1.546981e+00	1.404619e+00	5.478396e-01	9.081272e-01	-1.145820e-01	1.833342e-01	-3.601729e-01	-2.031604e+00	-1.548122e+00	-3.994605e-01	1.053305e+00	-1.057642e+00	-1.038105e-01	-1.993977e-01	-2.560397e+00	-2.126724e+00	-3.151329e+00	-2.684683e-01	-1.253769e+00	-7.028068e-01	2.120516e+00	1.843010e+00	1.210510e-02	
1.045308e+00	-7.129632e-01	-4.561041e-01	-6.382844e-01	4.659672e-01	-6.933063e-01	-1.221804e+00	-8.457195e-01	3.423811e-01	-1.879740e+00	-3.825842e-01	-7.575039e-02	2.912619e-01	2.146890e-01	-1.474655e-01	-1.157748e+00	6.967941e-01	-2.359717e-01	1.267812e+00	-1.368822e+00	-6.894938e-01	1.639820e+00	-7.588649e-01	2.180651e-02	-1.348831e+00	1.505120e-01	-7.635083e-01	-1.515528e+00	-6.458731e-01	-9.059746e-01	1.064944e+00	7.355828e-01	-1.130522e+00	1.198470e+00	1.226216e-01	7.967107e-01	-8.511734e-01	-7.683117e-01	1.062700e+00	-8.751538e-01	-1.977051e+00	8.721662e-01	-5.415925e-01	1.666784e+00	7.439949e-01	-8.468978e-01	-2.116002e+00	1.781223e+00	-5.415959e-01	-9.565831e-01	6.472881e-01	3.589636e-02	2.185037e+00	9.523484e-01	4.857827e-01	-3.446969e-01	1.613420e+00	-2.427875e-02	-7.559980e-01	-1.090906e+00	-1.828260e-01	-1.576319e-01	-2.720303e+00	-1.656869e+00	-4.309312e-02	4.195682e-01	1.300303e+00	-1.057057e+00	1.010028e+00	-8.026450e-01	-9.820251e-01	-3.070415e-01	1.100452e+00	-3.972757e-01	1.800176e-01	7.357212e-01	4.397430e-01	-1.225081e+00	-2.426811e+00	-1.295330e+00	1.032993e+00	7.556455e-01	-1.428832e-01	-6.241547e-01	-4.458919e-01	1.169423e-01	9.298226e-01	-1.255251e+00	1.176682e+00	-1.033832e+00	3.128323e-01	1.030021e+00	2.150492e+00	8.457735e-01	-1.083640e+00	4.006097e-01	8.598725e-01	9.516391e-01	7.777305e-01	1.593374e-02	-6.894367e-01	-1.307396e+00	-9.591964e-01	1.814924e-01	8.858629e-01	-3.755281e-02	2.133162e-01	-9.990533e-01	-2.729604e-01	4.159505e-03	9.772398e-01	6.134903e-01	1.775251e+00	-2.018584e+00	1.047886e+00	-3.833228e-01	-7.780032e-01	2.973976e-01	-8.861707e-01	-1.344943e+00	9.576281e-02	-1.010846e+00	-2.684005e-01	-1.107066e+00	-3.579901e-01	-5.977830e-01	2.794567e-01	1.493884e-01	-1.477117e+00	3.725287e-01	-5.085882e-01	-5.514855e-02	4.998548e-01	6.678274e-01	-2.116803e-01	-1.194116e+00	2.812842e-01	-1.126783e+00	3.488527e-01	1.055099e+00	-1.562154e+00	2.855431e-01	5.447904e-01	1.199320e+00	-1.330941e+00	1.256083e-02	-5.395321e-01	1.296647e+00	-1.450470e+00	-1.193867e+00	-8.401269e-01	1.887013e+00	1.417108e+00	-3.107032e-01	-6.355371e-01	-1.370195e+00	8.431072e-01	-8.816330e-02	-2.132787e+00	2.196543e+00	-1.567806e+00	1.842316e+00	5.498229e+00	-9.102191e-01	-8.536857e-01	-5.178509e-01	-3.300861e-01	6.271051e-01	-6.150195e-01	-1.322344e-01	-7.679795e-01	4.753482e-01	-3.347805e-01	2.786013e-01	1.364211e+00	1.260610e+00	-9.520882e-02	-8.009685e-01	8.859385e-04	-1.028193e+00	-1.240927e+00	-3.372391e-01	-1.588314e+00	-4.220976e-01	-9.001140e-01	5.827069e-01	1.169712e+00	1.340251e+00	4.204701e-01	7.208370e-01	-2.052285e+00	-3.939866e-01	-1.821995e+00	3.005280e+00	-2.052608e+00	-5.297710e+00	-7.456902e-01	1.187861e-01	-1.227278e+00	1.014923e-01	-4.802721e-01	7.650203e-01	3.035312e-01	6.432729e-01	1.507686e-02	1.706567e+00	-9.278571e-01	9.648374e-01	-2.703437e-01	7.256871e-02	-1.030077e+00	-6.089700e-01	3.512132e+00	-4.462757e-01	3.635428e-01	1.400639e+00	-1.139449e-01	-2.082367e+00	-1.482724e+00	-4.833464e-01	-9.620058e-01	-4.019598e-01	-2.766114e+00	7.026334e-01	-8.325479e-02	-2.109791e+00	9.376767e-01	-7.158801e+01	8.477135e-01	-4.801084e-01	-1.614578e+00	4.888465e-01	-1.272048e+00	7.375581e-01	-2.822536e+00	8.604722e-01	-1.196997e-01	-1.406825e+00	-1.216411e+00	4.625022e-01	-1.234715e+00	3.558889e-01	-7.308864e-01	-6.790003e-01	-8.152686e-01	-2.025612e-01	9.460105e-01	-1.566742e+00	-2.960957e-01	7.267854e-01	-1.073664e+00	1.584048e+00	6.416200e-01	8.626826e-01	-1.202640e+00	-1.458720e+00	8.728386e-01	-1.105558e+00	7.791807e-02	-6.478580e-01	5.595943e-01	-5.391889e-01	7.607561e-01	8.551370e-01	1.800168e+00	-1.175436e+00	-1.143449e+00	4.204811e-01	-3.819606e-02	1.361585e+00	-1.752657e+00	2.926554e+00	3.222202e-01	-4.106668e-01	-1.741663e-01	6.568874e-01	-1.853308e+00	1.695992e-01	-4.470483e-01	1.019672e+00	9.668669e-01	-3.178399e-01	1.250065e-01	1.553898e+00	-1.247500e+00	6.677346e-02	9.765775e-01	8.436135e-01	-6.782927e-02	6.704531e-02	-6.807227e-01	-1.407789e+00	-7.333705e-03	9.842975e-02	-4.610278e-01	-1.426049e+00	-3.406262e-01	-1.373574e-01	-1.220090e+00	-5.501565e-01	5.587470e-01	1.452379e+00	9.883111e-01	4.182651e-02	-5.789062e-01	1.246745e-01	-2.788390e+00	-5.642655e-01	6.481989e-01	1.860572e+00	-9.529982e-01	3.704759e-01	-1.588996e+00	-2.029200e+00	1.185140e+00	-1.760549e+00	1.123432e+00	-1.922883e-01	4.346857e-01	1.073530e-01	4.636296e-01	-3.185818e-01	1.841389e+00	8.119090e-01	-1.746734e+00	-6.173540e-01	6.325431e-01	-1.171758e+00	-1.287155e+00	1.689702e-01	5.802118e-02	1.930659e+00	-1.481983e-01	-1.264428e+00	1.646197e-01	-2.595568e-01	-8.423274e-01	4.639582e-01	-1.811689e+00	-7.225895e-01	-1.607420e+00	-2.177213e+00	2.921028e+00	-3.200537e-01	9.103554e-01	-3.979527e-01	-3.619870e-01	-1.799779e+00	-1.077734e+00	-3.755738e+00	-3.822433e-01	-1.227461e-02	-1.033813e-01	3.989624e-01	8.565689e-01	9.721168e-01	-1.110675e+00	-4.786315e-01	1.599639e+00	-3.181673e+00	-7.838007e-01	1.027595e+00	-2.959290e-01	-1.433826e-01	-1.292982e+00	6.515918e-01	-5.106032e-02	5.800204e-02	5.194657e-01	1.260426e+00	8.044332e-01	1.091429e-01	-7.544704e-01	-6.473358e-01	-1.373013e-01	2.093506e-01	-8.171926e-02	-7.102712e-01	2.146014e+00	-6.185837e-01	6.858324e-01	-6.866471e-01	-1.727346e+00	-4.734240e-01	1.308698e+00	-4.265609e-01	1.473888e+00	8.653123e-02	5.548526e-01	5.977038e-01	2.664531e-02	1.558875e+00	-6.015710e-01	-9.732186e-01	1.394380e-01	5.862798e-01	1.996295e-01	6.994911e-01	-3.364621e+00	5.129014e-01	-4.891693e-01	1.272077e+00	1.170573e+00	-5.292469e-01	-7.196268e-01	1.378500e+00	1.068666e+00	7.513576e-01	4.267084e-02	1.586406e+00	2.161038e+00	1.561438e+00	5.446301e-01	-3.534046e-01	1.381240e+00	6.820859e-02	-7.461424e-01	-5.047025e-01	-6.786947e-01	-4.865518e-01	-1.118490e+00	-9.436785e-01	-3.444082e-01	-1.966520e+00	-3.875032e-01	-4.323634e-01	1.194789e+00	5.641422e-01	7.533124e-01	-7.510363e-01	1.656938e-01	4.173994e-01	1.300208e+00	-1.050812e+00	-1.062429e+00	1.080442e+00	2.496398e-01	-2.269107e-01	6.858547e-01	-9.667071e-01	7.670074e-01	-2.016416e-01	2.465564e-02	8.583716e-01	6.619220e-01	1.186346e+00	-2.015763e-01	4.077091e-01	4.060908e-01	1.102536e+00	-1.639232e+00	6.853771e-01	7.755750e-01	-1.099223e+00	1.747569e+00	-3.174458e-01	9.758708e-01	8.369953e-01	-2.618302e-01	-9.184667e-01	-8.284126e-01	9.767894e-01	-1.911558e-01	-4.886548e-01	-5.642938e-01	1.447292e+00	7.120167e-01	-1.271515e+00	6.994628e-01	3.224232e-01	-8.415538e-03	-9.216112e-01	-1.444753e-01	-7.409891e-01	1.719218e+00	-6.172617e-02	3.967795e-01	-1.606882e+00	1.791680e+00	2.512944e+00	9.701809e-01	6.532341e-01	7.191263e-01	-1.532106e+00	1.564146e+00	6.107637e-02	1.406613e+00	9.563645e-01	2.453469e+00	8.382384e-01	5.836187e-01	1.162088e+00	-7.417913e-02	-1.236059e+00	-1.316823e+00	-2.154406e-01	-2.764644e-01	-5.300692e-01	1.098882e+00	3.193853e+00	1.683330e+00	1.048063e-01	-1.057644e+00	-1.500413e-01	1.460202e-01	-2.992329e-01	-2.147360e+00	1.064202e+00	5.890816e-01	-3.997174e-01	2.118850e-01	-1.573792e+00	-2.182100e+00	-1.035172e+00	-4.016921e-01	1.089060e+00	-3.090595e-01	-8.500456e-01	-2.468026e-01	8.775474e-01	8.388467e-01	-7.940223e-01	-1.206497e+00	-1.627662e+00	5.146197e-01	-1.640939e+00	-5.070020e-02	-1.574840e+00	-7.476923e-01	-7.910329e-01	-4.503421e-01	1.989500e+00	1.515730e-01	6.934121e-01	-7.778854e-01	9.079397e-01	-9.982600e-01	-1.095308e-01	-3.658675e-02	-5.469568e-01	-2.579892e-01	-2.197005e+00	1.133908e-01	6.864522e-01	-1.274198e+00	-5.878053e-01	-1.080192e+00	1.094696e+00	2.497129e+00	-1.698927e+00	2.715770e-01	-2.408041e+00	-8.676007e-01	-5.268353e-01	-1.409257e-01	-4.765567e-01	-1.834803e-02	7.580260e-01	1.820107e+00	3.359984e-01	1.223122e-01	1.636225e-01	1.360321e-01	-1.146861e+00	-7.358650e-01	6.800453e-01	-1.159215e+00	-1.324855e+00	1.271494e+00	2.547558e-01	-3.752745e-01	3.023129e-01	1.167099e-01	-2.344986e-01	1.821595e-01	1.433699e+00	-5.992115e-01	4.759178e-01	1.015128e+00	1.406956e+00	-4.131145e-01	-1.738744e-01	-4.212000e-01	-6.663613e-01	1.136440e+00	4.498256e-02	-1.377446e+00	-1.008175e+00	-7.256439e-01	-7.426989e-01	3.663982e-01	-1.336336e+00	-1.342074e+00	-1.855562e+00	-4.724826e-01	8.570001e-01	1.175421e-01	-1.484959e+00	1.069715e+00	3.152393e+00	-1.129714e+00	-1.021086e+00	-5.881249e-01	-1.546560e+00	-2.181281e-01	3.692595e-01	9.641834e-01	-2.259943e-01	-9.610878e-01	4.998976e-01	-1.104051e+00	-2.616556e-01	1.307416e+00	-5.829795e-01	1.425464e+00	-5.122458e-01	2.696057e-01	1.037333e+00	-2.833112e-01	1.017147e+00	4.013113e-01	-7.246082e-01	2.415885e+00	1.005776e-01	3.613469e-01	-3.936568e-02	1.140312e+00	1.236703e+00	2.200753e-01	1.469479e+00	-3.992358e-01	9.417452e-01	5.983274e-01	-9.698294e-01	-2.607517e-01	-4.758205e-01	-3.604763e-01	1.485460e+00	5.449447e-01	9.348174e-01	4.712521e-01	1.262432e+00	2.886764e+00	-8.895894e-02	-1.519026e+00	5.000249e-01	-1.194856e+00	1.867831e+00	1.276170e+00	1.719432e-01	6.274459e-01	-1.063082e+00	-1.399864e+00	-1.725909e+00	6.369621e-01	4.311868e-01	3.936195e-01	-1.604648e+00	-1.004179e+00	9.282220e-02	-5.468839e-01	1.484914e+00	-3.902766e-01	-3.518367e-01	-1.068505e+00	-8.819358e-01	2.006064e-01	8.023092e-01	3.858975e-01	1.428609e-01	-1.608710e+00	9.495257e-01	1.019877e+00	8.011729e-01	1.026490e+00	1.929499e+00	-1.568849e+00	7.599879e-01	-7.835545e-01	-6.009224e-01	1.492867e+00	-1.370954e+00	2.480745e-01	2.495504e-01	-1.878763e+00	6.040096e-01	4.838828e-01	-3.737014e-01	-9.352787e-01	-6.620255e-01	-1.191391e+00	-5.954883e-01	-9.869756e-01	2.743299e-02	-1.608000e+00	-1.129465e+00	-5.421330e-01	-4.293740e-01	2.061002e+00	-6.781620e-01	1.708828e-01	5.004793e-01	-1.155126e+00	-5.422448e-01	-1.727180e+00	-1.526149e+00	-7.779068e-01	-7.285154e-01	-1.190600e+00	2.040164e+00	1.066312e+00	-1.281901e+00	-1.766152e-01	-1.328830e+00	4.224432e-01	1.779443e+00	8.214601e-01	-4.883731e-01	-1.276903e+00	1.743299e+00	5.764221e-02	-2.157604e+00	-9.551838e-02	1.111623e+00	-1.165392e+00	-3.820518e-01	2.722310e-01	6.864306e-01	-4.331081e-01	-1.307365e+00	-2.297124e-01	7.763794e+00	3.750938e-01	-1.267071e+00	1.716830e-01	1.692945e+00	1.769116e+00	1.685740e+00	-1.166204e+00	-1.758218e+00	4.477262e-01	8.542193e-01	-8.708436e-01	4.403267e-01	-1.997664e-01	5.008261e-01	1.163344e+00	2.224068e-01	-1.908214e-01	-1.207415e+00	-1.470283e+00	-2.167885e-02	-8.021730e-01	-1.467454e+00	-8.663768e-02	-2.942990e-01	-1.902513e+00	1.593105e+00	1.006611e+00	-9.367657e-01	-3.101918e+00	-2.430409e+00	3.403630e-01	-1.467576e+00	-4.622364e-01	2.104031e-02	1.836081e+00	1.235558e-01	
