-4.307484e-02	-4.874875e-01	5.398325e-01	7.342128e-02	3.496177e-01	2.065083e-01	-3.939285e-01	-4.834653e-02	5.451307e-02	7.033844e-02	-5.599940e-02	3.945177e-01	6.187549e-02	1.642793e-01	1.643085e-01	-3.102512e-01	5.777705e-01	-5.613270e-01	-1.797755e-01	1.782079e-01	-1.721647e-01	8.681306e-02	1.509531e-01	1.876224e-01	-3.261158e-01	6.157052e-01	-2.911583e-01	-1.642126e-01	-3.216712e-01	-3.301875e-01	1.095840e-02	3.654312e-01	-3.452308e-01	5.360502e-01	6.373953e-02	1.466125e-01	-1.958814e-01	-5.642474e-02	1.995100e-01	-1.363072e-01	-3.767169e-01	2.032084e-01	-1.339694e-01	-5.631478e-02	-3.456776e-02	-4.583222e-01	1.431295e-01	1.282659e-02	-6.423941e-02	5.822095e-01	-2.196923e-01	-1.947790e-01	4.300332e-01	1.872655e-01	2.445761e-02	3.474813e-01	1.598504e-01	-5.769040e-02	-9.794832e-02	-1.359674e-02	-1.368042e-01	2.668039e-01	-4.389650e-01	-1.396422e-01	-7.298398e-04	1.442454e-01	1.610893e-02	1.719585e-01	2.412322e-01	5.580702e-01	-3.383695e-01	6.610920e-02	4.424191e-01	1.480660e-01	-2.562741e-01	9.163798e-01	1.705215e-01	4.218328e-02	-9.952854e-01	-4.677633e-01	5.225918e-01	4.825535e-01	1.457974e-02	2.321274e-01	-3.061437e-01	6.434437e-01	3.705266e-01	2.895731e-01	8.658551e-01	-6.828888e-01	5.623034e-02	-1.342034e-01	9.295848e-01	2.250338e-01	-3.750440e-01	7.168710e-01	1.865433e-01	3.726330e-01	5.701818e-02	1.615768e-01	-5.361060e-01	-2.635166e-02	6.139326e-01	-2.218345e-01	4.642063e-01	-2.424463e-01	8.501425e-02	-4.663235e-03	1.150813e-01	2.993919e-01	2.143662e-01	3.573413e-02	1.606286e-01	-3.037814e-01	5.026154e-01	-3.686044e-01	-4.209188e-01	2.270439e-01	3.493054e-01	-4.059513e-01	1.377236e-01	-1.471179e-01	-3.110479e-01	2.531725e-01	2.706092e-01	-8.641367e-02	-9.353437e-03	1.087303e-01	1.245998e-02	-7.024317e-02	-1.610608e-01	-1.917886e-01	1.941782e-01	-7.707095e-03	3.710457e-01	-2.593830e-01	6.149022e-02	-3.260870e-01	-2.260416e-01	7.878217e-01	-2.913358e-02	1.166401e-01	-3.983223e-01	-1.021591e-01	-2.012578e-01	-3.451746e-02	-4.633978e-01	4.431739e-01	-4.607515e-01	-3.058977e-01	-1.563882e-01	5.652299e-01	4.119105e-01	-1.016304e-01	-3.949225e-01	1.510127e-02	3.129668e-01	3.802290e-02	-4.936756e-01	3.977547e-01	-1.183197e-01	3.846349e-01	-6.069757e-01	1.272953e-01	-1.988737e-01	-2.118932e-01	3.436090e-02	-1.640224e-01	-4.229796e-02	3.743626e-01	1.624679e-02	1.346897e-01	-3.509659e-01	3.106723e-01	3.261580e-01	3.489512e-01	1.594174e-01	1.059908e-01	7.764494e-02	-5.223791e-01	-6.185902e-01	2.873560e-01	-8.912281e-02	6.909595e-02	1.339365e-01	6.690191e-02	-1.541940e-02	1.066618e-01	6.867768e-02	1.331578e-02	7.841909e-03	-1.855641e-01	-4.588784e-01	2.200813e-01	1.079979e-01	6.890537e-01	-3.428911e-01	2.120558e-01	-2.261955e-01	8.526091e-02	-6.255582e-01	6.427290e-02	2.078869e-01	3.162008e-01	-1.431478e-01	4.329261e-01	1.092590e-01	2.773517e-02	1.008376e-01	5.821097e-01	-3.361893e-01	-3.293156e-02	4.267650e-01	3.543788e-02	3.279897e-01	1.744062e-01	1.012049e-01	-2.996482e-01	5.953913e-02	1.130996e-01	-2.634385e-02	-1.399522e-01	-1.125270e-01	-1.502362e-01	-1.400587e-04	-2.717843e-01	4.676320e-02	2.377982e-01	-2.617226e-01	-4.487048e-01	-4.862940e-01	-2.386023e-01	-1.836696e-01	1.723913e-01	-1.476056e-01	2.599072e-01	1.892474e-01	-1.760022e-01	-3.420885e-01	2.852506e-02	-1.751140e-01	3.719391e-01	-1.652554e-01	-9.616461e-02	2.675510e-01	1.060822e-01	-2.444049e-01	-4.466499e-01	6.507748e-02	3.249030e-02	-2.232132e-01	3.438818e-01	-1.710312e-01	-1.627574e-01	-2.064752e-01	1.299910e-01	5.547881e-02	-2.351397e-01	-2.716509e-02	-1.437474e-01	2.197987e-01	-6.898192e-01	-4.399085e-02	3.390079e-01	1.901937e-01	5.344944e-01	2.497745e-01	2.453407e-01	1.104889e-02	4.072168e-01	-3.895224e-01	6.134942e-01	3.941703e-01	-2.370470e-02	-6.670927e-02	-3.696943e-02	5.889134e-02	-1.287335e-01	-2.600914e-01	1.572519e-01	1.641143e-01	-1.055297e-01	-2.105534e-01	3.841289e-02	-4.841200e-01	-1.814956e-01	8.936541e-02	-2.234822e-01	1.737986e-01	-2.738806e-01	-3.671167e-01	-5.915185e-01	2.066161e-01	4.779069e-01	1.395123e-01	-3.827460e-01	-5.416391e-01	-1.951647e-01	-1.238562e-01	-1.982854e-01	1.433452e-01	6.425611e-01	-1.067815e-01	4.777164e-03	-2.933266e-01	1.350161e-01	-3.976471e-01	-5.141740e-01	6.156723e-01	5.521986e-02	-5.694588e-01	4.131591e-01	-4.986981e-01	3.369167e-01	3.808580e-01	-1.478793e-02	1.804568e-01	-1.151488e-02	-2.812872e-01	-2.393257e-02	-1.199133e-01	1.400549e-01	3.848214e-01	1.745823e-01	-4.487693e-01	-1.436340e-01	2.025786e-01	-2.913126e-01	-9.282231e-02	1.133251e-01	-3.986224e-01	1.419701e+00	7.671557e-02	-4.536216e-01	1.154613e-01	-3.803871e-02	-8.543201e-02	7.008567e-02	-5.939053e-01	-2.126652e-01	-1.589028e-01	-2.622412e-01	7.097893e-01	-5.304137e-01	2.633718e-01	-6.581622e-02	-2.601334e-01	8.808066e-01	-4.968777e-02	-8.270228e-01	2.016091e-01	1.864239e-01	2.005901e-01	2.457191e-01	-7.025939e-02	1.080002e-01	-6.609986e-01	4.848335e-02	3.566084e-01	-2.654151e-01	-1.060297e-01	3.750517e-01	5.176977e-02	-5.256995e-02	-4.128260e-01	1.515513e-01	2.030459e-01	-1.770377e-02	4.546808e-01	8.846754e-01	1.503869e-01	6.056681e-01	-3.425236e-01	-6.305601e-01	3.195636e-01	4.198712e-02	-1.410436e-01	-7.363400e-01	1.119374e+00	-2.080777e-01	-1.405637e-01	-2.868531e-01	-2.572977e-01	-2.935368e-01	2.241976e-01	1.334052e-01	4.296315e-01	-1.593109e-01	3.608435e-01	2.203071e-01	-4.517346e-02	3.473984e-01	1.911704e-01	-1.875613e-01	-1.242423e-01	2.014035e-01	8.229230e-02	2.493842e-01	-6.559629e-01	-4.717509e-02	-8.130852e-02	2.462390e-01	2.816828e-01	2.961769e-01	-1.107480e-01	5.432487e-01	5.473561e-01	7.563123e-02	2.561496e-01	6.288288e-02	1.891947e-01	3.779040e-01	2.950072e-01	3.228605e-01	4.538496e-01	5.642518e-01	-1.036079e+00	1.560547e-01	1.610181e-01	4.600985e-01	3.093390e-01	1.337374e-01	3.811437e-02	-1.741030e+00	-1.787872e-01	2.016428e-02	2.834955e-02	-1.295206e-02	-1.065331e-01	-3.467192e-01	-5.352749e-01	-1.907207e-01	-1.729133e-01	-3.035614e-01	-1.753254e-01	-1.023424e-01	6.716689e-02	-1.250012e-01	-3.723556e-01	-1.875049e-01	1.335070e-01	-1.774260e-01	8.147856e-03	3.364797e-02	-1.613911e-01	-4.424055e-02	-5.178567e-01	-1.772890e-01	-1.143148e-01	8.040578e-01	-1.165127e-02	-2.738769e-01	2.822723e-02	-4.781161e-01	-2.212572e-01	-1.614383e-01	-1.233160e-01	1.317394e-01	-4.180703e-02	-5.344423e-01	-3.006601e-01	3.208294e-01	3.834464e-01	-1.466218e-01	-1.483674e-01	-4.220465e-01	-1.348770e-01	-1.874100e-01	2.051015e-01	3.315638e-01	-2.782285e-01	-7.186919e-02	-2.011837e-01	-3.493353e-01	7.377427e-01	-1.332334e-01	1.912624e-02	-5.259936e-01	4.682015e-01	1.417222e-01	1.220419e-02	1.065847e-01	1.108854e+00	-1.308615e-01	4.887755e-02	6.662993e-02	7.523050e-03	2.546842e-03	4.730469e-01	4.057212e-01	3.671946e-01	-8.197952e-02	-1.240699e-01	-9.523595e-01	5.924607e-02	1.703082e-01	1.845909e-02	-2.475832e-01	5.216520e-01	5.904178e-01	3.904995e-01	3.526186e-01	-2.054145e-01	-4.343534e-02	1.196025e-01	-1.706439e-01	-2.487084e-01	3.581022e-01	-1.697220e-01	-5.125437e-01	-1.809732e-01	-9.091853e-01	-5.893161e-01	7.625555e-02	-5.619359e-02	3.309149e-01	1.846159e-01	-3.655218e-01	1.033363e-01	2.912853e-01	-8.024841e-02	-9.662997e-02	1.687202e-01	-3.938022e-01	9.026303e-02	-9.018483e-01	-1.335427e-01	-6.345316e-02	4.522305e-02	-7.101785e-02	-2.529410e-01	1.900047e-01	-1.008193e-01	4.208011e-01	1.803974e-01	7.136569e-01	-2.199563e-01	2.709362e-01	1.290329e-01	2.177159e-01	-1.015576e-02	-5.687211e-04	-2.214617e-02	4.006755e-01	-1.238886e-01	1.562361e-01	-2.061352e-01	5.041428e-01	2.319172e-01	-3.059349e-01	-7.538700e-02	1.246528e-01	2.595283e-01	1.304704e-01	7.166386e-02	4.363104e-01	8.089164e-02	-4.685879e-01	3.591456e-01	1.534645e-01	-2.089677e-01	-1.453054e-01	1.625047e-01	-2.588158e-01	3.303868e-02	7.353559e-03	-4.396692e-01	1.056399e-01	6.830689e-02	6.133465e-01	-3.782825e-01	5.462090e-01	-5.823256e-02	3.527789e-01	-2.177005e-01	2.499856e-01	-8.200901e-02	9.443091e-02	-1.021093e-03	2.994321e-01	-3.984917e-01	-3.076698e-01	-1.184672e-01	5.252712e-02	2.320612e-01	-1.079850e-01	1.610731e-02	1.327082e-01	-2.437422e-02	-1.847204e-01	2.786638e-01	2.223238e-02	-8.100114e-01	-3.772815e-01	1.209131e-01	-2.941312e-01	8.627329e-02	-2.649302e-01	4.475472e-01	6.473859e-02	3.542711e-01	-3.891787e-01	-1.175121e-01	-5.273479e-01	-6.356899e-01	9.529699e-02	-1.522728e-02	-3.344474e-01	-6.238996e-01	-2.637785e-01	3.534865e-02	-9.737196e-02	-2.044411e-01	-3.192927e-01	1.043141e-01	-1.773763e-01	-2.504842e-01	5.623887e-01	-2.806591e-02	1.893756e-01	3.015111e-01	-8.466645e-03	5.385841e-01	2.304576e-01	6.809084e-02	1.280007e-01	3.833231e-01	-2.416346e-02	1.366517e-02	2.165193e-02	8.975121e-03	4.531750e-02	4.362999e-02	-2.267986e-01	-1.184607e-01	2.337189e-01	-3.969941e-01	1.541216e-01	-1.646697e-01	1.911339e-01	-9.943244e-02	3.656552e-01	3.692351e-01	-4.020219e-01	-1.974859e-01	1.524856e-01	-4.814287e-02	3.538121e-01	2.320159e-01	-2.695835e-01	5.748703e-01	4.722474e-02	9.511267e-02	-2.378995e-01	-1.624567e-01	5.856595e-01	1.628181e-01	5.022831e-02	-5.015612e-01	2.499121e-01	2.280110e-01	5.345402e-01	3.204250e-01	-4.306889e-01	-4.058890e-01	2.946815e-01	-4.278295e-01	-7.909884e-02	4.684604e-01	-2.419577e-02	-5.006584e-02	2.667161e-01	8.399877e-02	-5.837095e-02	3.574492e-01	3.462503e-01	-1.145459e-01	2.835994e-01	-1.899020e-01	-7.562946e-02	-4.375660e-03	-3.148181e-01	1.293148e-01	-1.985675e-01	-1.189503e-01	9.978341e-02	3.850859e-02	-3.866145e-01	-4.382483e-02	-7.145189e-02	-1.737702e-01	-1.128898e-01	-3.679439e-01	-8.326037e-02	-3.975977e-01	-9.474185e-02	6.960670e-02	1.461281e-01	3.502175e-01	2.220574e-01	9.527930e-02	-5.469244e-01	2.080290e-01	-5.795360e-01	-6.071451e-01	-1.671389e-01	-3.183684e-01	-4.481753e-01	-9.804434e-02	3.892983e-01	5.840682e-01	-3.961761e-01	4.418053e-03	-2.213010e-01	-1.059010e-01	-3.706739e-02	-9.758917e-02	-3.309892e-01	-3.466199e-01	3.182325e-01	3.710395e-02	2.315404e-01	-5.642850e-01	9.497167e-02	1.071263e-01	-6.883631e-02	4.519952e-02	1.100369e-01	-3.941146e-02	-3.055031e-01	1.076901e-01	-1.951334e+00	-9.262249e-02	-1.687476e-01	3.007540e-02	-1.680047e-01	1.621962e-01	5.840263e-01	1.507032e-02	-2.142440e-01	1.040590e-01	-2.777998e-01	-1.376106e-01	-1.532217e-01	-1.644282e-01	2.049084e-01	4.470822e-01	-5.366785e-02	5.208901e-02	-5.437029e-01	-4.513363e-01	-2.167253e-02	-2.527691e-01	6.934597e-02	-1.410018e-01	-2.173165e-02	-4.576986e-01	6.444114e-01	1.666334e-02	1.801010e-01	-3.581723e-01	-1.153229e+00	8.658933e-02	-5.489924e-01	-1.373227e-01	1.589009e-01	2.280499e-01	-5.744791e-02	
-1.681680e-01	-1.525085e-01	1.958551e-01	-1.682854e-02	2.548316e-01	9.973495e-02	-1.859135e-01	-1.481930e-02	2.180942e-02	9.898393e-02	6.183943e-02	3.784492e-01	2.703681e-01	1.196010e-01	1.669347e-01	-2.006357e-01	8.325226e-01	-3.974512e-01	-3.756972e-01	7.933547e-02	6.575587e-02	3.666916e-02	1.448685e-01	1.132149e-01	-1.582794e-01	4.886803e-01	-3.277120e-01	-8.485268e-03	-1.893665e-01	-3.748939e-01	2.574274e-01	3.965536e-01	-4.527306e-01	4.705060e-01	-9.077244e-02	1.273060e-01	-3.065645e-01	4.782879e-02	2.496193e-01	-1.342352e-01	-4.672447e-01	1.600154e-01	-4.759944e-02	-2.246578e-02	-2.259064e-02	-4.603937e-01	3.393607e-01	2.677262e-01	5.092394e-02	5.795258e-01	-3.205049e-02	-4.418071e-02	2.359957e-01	1.380942e-01	1.940507e-01	3.515580e-01	5.493254e-02	-2.378032e-02	2.357397e-04	1.274571e-01	-1.442222e-01	2.701945e-01	-2.354831e-01	-2.787745e-02	7.281920e-02	1.305689e-01	-1.997432e-01	-9.020519e-02	2.203162e-02	3.483642e-01	-2.176118e-01	-2.660732e-04	2.542637e-01	1.516415e-02	-1.720509e-01	8.343107e-01	4.041893e-01	1.274045e-01	-7.264977e-01	-3.168375e-01	4.047619e-01	2.386976e-01	-1.396679e-02	6.726065e-02	-1.326274e-01	4.605578e-01	3.246786e-01	3.430044e-01	6.544831e-01	-6.505771e-01	-1.062062e-01	-7.313883e-02	1.101939e+00	1.924789e-01	-1.482811e-01	8.041371e-01	3.341388e-01	1.863916e-01	2.434998e-01	2.310031e-01	-2.890022e-01	-1.798347e-01	5.104136e-01	1.894639e-01	2.267816e-01	-1.591962e-01	7.312365e-02	-1.002052e-01	3.720850e-01	3.700902e-01	4.448920e-01	-6.315935e-02	1.831696e-01	-2.174149e-01	3.148046e-01	-3.849224e-01	-2.828560e-01	3.601848e-01	6.335991e-01	-2.643250e-01	-2.697082e-01	6.653275e-02	-2.382719e-01	2.863946e-01	1.660220e-03	-8.571059e-02	-1.000967e-02	2.369311e-01	2.317514e-02	-7.982464e-03	-9.791309e-02	-2.949915e-01	1.751140e-01	1.142092e-01	4.530726e-01	-1.468856e-02	2.961418e-01	-3.457508e-01	-2.907867e-01	6.973720e-01	-2.382052e-01	1.269297e-01	-5.940402e-01	-1.413546e-01	-1.657692e-01	1.114749e-01	-5.329012e-01	3.446953e-01	-4.069792e-01	-2.362338e-01	-8.894479e-02	3.960441e-01	5.626339e-01	-1.944430e-01	-4.138069e-01	9.025873e-02	3.461090e-01	1.871430e-01	-3.846790e-01	4.325357e-01	-5.572318e-02	3.641621e-01	-7.287514e-01	2.625834e-01	-7.199853e-02	-1.238012e-01	1.438084e-01	-2.940911e-01	-1.380931e-01	3.620583e-01	-1.525879e-01	1.633039e-01	-3.274694e-01	1.790821e-01	5.553727e-01	6.485274e-01	-4.513654e-02	1.084188e-01	-6.392168e-02	-4.945232e-01	-5.370084e-01	2.673935e-01	6.873039e-02	-3.415228e-01	1.257151e-01	1.703149e-01	2.528713e-02	-5.891370e-02	6.084910e-02	3.026276e-03	-9.512009e-02	1.090265e-02	-3.670415e-01	1.036063e-01	-1.880719e-01	6.916896e-01	-9.292743e-02	1.694383e-01	7.764450e-03	7.763627e-03	-5.705928e-01	1.652025e-03	1.100348e-01	1.764879e-01	-1.789845e-01	5.249484e-01	-8.065175e-02	1.564086e-01	9.094397e-02	5.278563e-01	-3.272695e-01	-1.743526e-01	4.843618e-01	1.377147e-01	4.532661e-01	-5.986227e-02	4.386992e-03	-1.907323e-01	-1.966090e-02	2.047144e-01	1.126047e-02	-1.362434e-01	2.545823e-02	-2.259022e-01	-7.358532e-02	-2.134329e-01	1.705057e-01	1.918470e-01	-2.717377e-01	-2.018545e-01	-3.494252e-01	-4.085220e-01	-9.184759e-02	1.737258e-01	-1.434368e-01	1.858178e-01	1.749730e-01	-5.457171e-02	-2.858092e-01	-7.266379e-02	-2.267751e-01	4.238314e-01	-9.997124e-02	1.220474e-01	2.809037e-01	1.287121e-01	-9.553483e-02	-4.778212e-01	8.105431e-02	-3.546071e-02	-2.860094e-01	3.113377e-01	1.765481e-01	-2.332824e-01	-2.217946e-01	1.871623e-01	-5.178799e-02	-2.597961e-01	2.248343e-01	-1.447913e-01	-1.759853e-01	-5.269046e-01	-1.101523e-01	1.742236e-01	2.699353e-01	2.653727e-01	4.463822e-01	2.647060e-01	-1.374822e-01	2.433531e-01	-3.514019e-01	6.129073e-01	1.374571e-01	-4.509906e-02	-1.268924e-01	-3.223195e-02	-1.109848e-01	-1.500662e-01	-2.107170e-01	2.839247e-01	-3.320855e-02	-1.187112e-01	-5.936817e-02	8.746950e-02	-4.977398e-01	-1.728085e-01	2.392375e-01	-2.563658e-01	1.571185e-02	-1.130133e-01	-4.813985e-01	-5.716828e-01	2.203486e-01	3.427615e-01	-1.068812e-01	-4.547053e-01	-5.985868e-01	-6.156849e-02	-4.683772e-01	3.115182e-03	2.400590e-01	5.292509e-01	-1.632648e-01	9.667021e-02	-2.749178e-01	1.380637e-01	-4.860979e-01	-3.300859e-01	4.966762e-01	-1.188202e-01	-6.695160e-01	6.107274e-01	-3.845565e-01	2.251894e-01	2.698093e-01	7.547949e-02	1.977364e-01	8.986530e-02	-2.875929e-01	-9.018156e-02	9.097824e-03	1.784896e-01	2.200909e-01	-1.071820e-01	-3.886985e-01	8.148271e-02	-5.452064e-02	-4.094018e-01	7.290597e-03	2.766522e-01	-1.744447e-01	1.621771e+00	-9.340440e-02	-4.987111e-01	2.235200e-02	-1.481243e-01	-1.700670e-02	3.515528e-02	-3.227566e-01	-2.748611e-01	-2.644061e-01	-1.258535e-01	8.184465e-01	-5.126929e-01	1.786706e-01	-6.615902e-02	-1.172779e-01	6.254452e-01	-7.041892e-02	-8.195849e-01	3.056388e-02	1.159518e-02	1.327334e-01	1.501387e-01	1.221184e-01	1.514424e-01	-3.789351e-01	1.315142e-01	2.140532e-01	-3.429246e-01	-1.020865e-01	1.821169e-01	-1.414752e-01	-5.741544e-02	-4.519403e-01	-1.394824e-01	3.096659e-02	-1.705483e-02	1.906242e-01	5.409058e-01	1.888635e-02	7.055355e-01	-4.955502e-01	-7.520069e-01	3.418416e-01	1.245991e-01	-3.581793e-01	-6.809554e-01	3.715768e-01	-2.759221e-01	-8.918913e-02	-1.646490e-01	-2.601182e-01	-2.906650e-01	5.043433e-01	1.108588e-02	3.857634e-01	-2.706312e-01	5.933313e-02	6.605368e-02	-1.155287e-01	2.580838e-01	1.249376e-03	-3.063307e-01	-5.020817e-02	4.281074e-01	-2.086532e-02	8.934477e-02	-5.106924e-01	-1.171817e-01	2.081954e-02	3.538186e-01	2.929209e-01	2.772909e-01	-1.785103e-01	6.428159e-01	6.382714e-01	1.941332e-02	2.324331e-01	2.451813e-01	3.828848e-01	3.880199e-01	1.973491e-01	-1.572517e-01	6.333354e-02	4.616881e-01	-1.058007e+00	1.342529e-01	-4.802641e-02	1.324086e-01	1.786241e-01	-5.024462e-02	-5.409535e-02	-1.652892e+00	6.605089e-02	-1.168285e-01	7.707180e-02	-7.766987e-02	-2.928355e-01	-1.134593e-01	-4.295114e-01	-9.737951e-02	-2.402321e-01	-2.000543e-01	1.828106e-02	-5.747517e-02	1.511655e-01	-3.805502e-02	-2.379514e-01	-2.373096e-02	1.661955e-01	-2.654078e-01	1.109587e-02	1.657927e-01	-1.473891e-02	1.638985e-01	-3.579114e-01	-2.489324e-01	7.086048e-02	5.384174e-01	1.093253e-01	-2.625827e-01	5.967110e-02	-1.792317e-01	-7.988364e-02	-5.984869e-02	-1.888602e-01	1.652388e-01	-1.187771e-01	-5.282817e-01	-1.791376e-01	3.326945e-01	4.168378e-01	7.176594e-03	-1.363147e-01	-4.665401e-01	-3.113425e-01	-3.401008e-01	1.644041e-01	7.119725e-01	-4.193649e-01	-6.786260e-03	-2.888147e-01	-2.958640e-01	4.487976e-01	-2.826531e-02	6.919544e-02	-3.887773e-01	5.121496e-01	1.893207e-01	-7.809873e-02	1.204236e-01	7.595107e-01	-1.027924e-01	4.797985e-03	3.037710e-02	4.458544e-01	-5.372282e-02	6.342669e-01	2.974560e-01	3.573498e-01	-8.286853e-03	-9.842163e-02	-7.864041e-01	8.365821e-02	4.981316e-02	2.013234e-02	-1.616974e-02	5.494010e-01	4.850524e-01	2.276412e-02	1.381950e-01	-9.288622e-02	-5.701915e-02	1.199802e-01	-2.875162e-01	-1.197780e-01	2.292724e-01	-9.151099e-02	-4.298646e-01	-8.569192e-02	-6.584715e-01	-6.209714e-01	1.710657e-01	1.614435e-02	1.952556e-01	-4.927516e-02	-1.334409e-01	1.283756e-01	1.807539e-01	1.548270e-01	1.335633e-01	2.513387e-02	-3.636027e-01	1.168328e-02	-8.473271e-01	-2.337974e-01	-1.602441e-01	1.309810e-02	4.970307e-02	-1.115656e-01	4.869013e-02	7.636329e-03	2.060000e-01	1.047900e-01	5.717065e-01	-1.011592e-01	3.070185e-01	9.427751e-02	1.058214e-01	-1.743222e-01	-1.054286e-01	-6.189555e-03	4.611963e-01	1.475881e-01	2.017875e-02	-9.430313e-02	4.345493e-01	2.232064e-01	-1.351543e-01	-7.285943e-02	1.294749e-01	4.153807e-02	5.426652e-02	-1.492641e-02	1.687967e-01	1.777537e-01	-4.413562e-01	4.589981e-01	1.189869e-01	-3.744290e-01	-1.950766e-01	2.879689e-02	-1.681815e-02	3.311906e-02	1.869905e-01	-3.752883e-01	5.331160e-01	4.736444e-03	3.477256e-01	-2.535607e-01	3.169104e-01	4.448498e-02	1.067211e-01	-2.484387e-01	2.567606e-01	-3.939972e-01	-5.752161e-02	8.127483e-02	6.038891e-02	-1.774350e-01	-3.064618e-01	1.098931e-01	-1.243842e-01	5.432935e-02	-3.130955e-01	2.611318e-02	-6.160496e-02	-2.305785e-02	-3.068599e-01	6.182353e-02	3.505571e-01	-6.185843e-01	-2.891635e-01	1.598136e-01	-2.484366e-01	3.705667e-02	-2.169984e-01	4.474813e-01	1.398816e-01	1.872808e-01	-4.439345e-01	-3.260892e-01	-3.391014e-01	-7.106861e-01	2.003069e-01	3.602674e-02	-3.552654e-01	-4.274773e-01	-2.904730e-01	2.673199e-02	-2.313027e-01	-1.634731e-01	6.082997e-02	-1.074902e-01	-2.665023e-01	-2.612707e-01	4.958518e-01	1.248442e-01	2.760832e-01	2.017125e-01	-4.304103e-02	5.099733e-01	1.054007e-01	6.271266e-02	1.165040e-02	2.218185e-01	1.002573e-01	2.700774e-02	6.455129e-02	1.754563e-02	1.240895e-01	1.008083e-01	-1.437951e-01	-1.826891e-01	3.567763e-01	-4.062688e-01	3.406745e-01	-8.290524e-02	9.368769e-02	-1.798767e-01	4.537143e-01	1.716223e-01	-2.900003e-01	-1.199623e-01	2.808251e-01	-1.313034e-01	3.944616e-01	-2.819000e-01	-1.305570e-01	6.319562e-01	-2.601384e-01	1.931090e-01	-9.954336e-02	-1.514377e-01	4.925865e-01	6.228232e-02	-2.409419e-02	-4.680562e-01	3.792618e-01	1.344903e-01	4.815738e-01	3.531151e-01	-4.401806e-01	-4.522758e-01	1.527592e-01	-4.708450e-01	9.369469e-02	3.748216e-01	-2.500161e-03	-3.250994e-02	2.252233e-01	1.802406e-01	-9.705868e-02	3.524814e-01	-1.487411e-01	-1.695230e-02	1.856011e-01	1.228253e-01	-2.249511e-03	-6.062992e-02	-1.460387e-01	-8.560856e-02	-6.899930e-02	-2.988888e-01	1.514484e-01	-2.557036e-02	-3.091702e-01	-1.924628e-01	-8.444568e-02	-5.827430e-02	-4.752116e-02	-2.786508e-01	-6.080560e-02	-2.039904e-01	-1.102751e-01	1.322620e-01	-5.147856e-02	4.043357e-01	2.765280e-02	2.348361e-01	-4.751586e-01	1.938470e-01	-5.762275e-01	-4.791026e-01	-4.475810e-01	-2.535258e-01	-4.461116e-01	-1.430393e-01	5.633775e-01	1.499310e-01	-4.528168e-01	1.419310e-01	2.063037e-02	1.891648e-01	-1.507770e-01	9.080015e-02	-4.127460e-01	-1.689048e-01	3.635074e-01	4.481936e-02	-4.293750e-02	-2.540703e-01	2.769733e-01	-4.534245e-02	-3.128492e-02	-1.386243e-02	1.291352e-01	1.438702e-01	-3.114756e-01	5.127279e-02	-1.913479e+00	-1.875753e-01	-3.049670e-01	1.491749e-02	-1.392200e-01	1.791400e-01	6.892930e-01	1.496142e-01	-1.916485e-01	7.553950e-02	-1.869393e-01	-1.079652e-01	1.032171e-01	9.779038e-02	2.509396e-01	1.619803e-01	-2.571083e-02	1.916727e-01	-6.269950e-01	-3.517644e-01	-2.678742e-01	-1.958566e-01	-2.714794e-02	-8.389606e-02	-7.977955e-02	-1.591819e-01	5.113395e-01	8.451619e-02	1.899412e-01	-5.081614e-01	-8.202071e-01	-2.242232e-01	-3.972622e-01	7.741538e-02	-4.686574e-02	2.097604e-02	-1.624093e-01	
2.191506e-02	-1.258932e-01	2.768550e-01	-8.973005e-03	2.161937e-01	1.125490e-01	-3.032722e-01	1.101341e-01	-3.443668e-02	1.968130e-01	4.718842e-02	4.498785e-01	2.949262e-01	1.116108e-01	2.200162e-01	-2.226206e-01	9.132708e-01	-6.291131e-01	-3.371984e-02	1.878084e-02	8.899496e-02	1.065804e-01	1.066817e-01	1.252638e-01	-1.000280e-01	7.104126e-01	-3.371947e-01	-1.188255e-01	-2.599861e-01	-4.383738e-01	1.230641e-01	4.900631e-01	-4.209223e-01	6.733419e-01	1.096693e-02	8.380514e-02	-2.180687e-01	4.905064e-02	3.182560e-01	-1.231102e-01	-3.882109e-01	2.812192e-01	3.305204e-02	-5.758953e-02	1.947047e-01	-3.379087e-01	2.771848e-01	3.547495e-01	-2.360840e-01	5.548607e-01	-1.689014e-01	-1.112555e-01	4.053461e-01	-1.086492e-01	2.477900e-01	3.532051e-01	-1.689478e-01	-4.343876e-02	-9.624506e-02	-1.176776e-01	5.872224e-02	4.228253e-02	-3.896079e-01	-3.027213e-01	6.117466e-02	8.168343e-02	-3.165362e-01	-2.015911e-01	1.783992e-01	5.716994e-01	-2.507860e-01	1.249205e-02	3.805119e-01	1.196249e-01	-1.042063e-01	9.663532e-01	2.607807e-01	1.162976e-01	-6.081330e-01	-3.525168e-01	3.350531e-01	2.834442e-01	-1.591513e-02	-8.656936e-02	-3.427860e-02	3.608678e-01	5.118169e-01	1.976281e-01	6.369899e-01	-8.204292e-01	-1.674041e-01	-9.861771e-02	1.066420e+00	2.924778e-01	-3.402027e-01	8.716622e-01	2.132372e-01	2.710200e-01	3.152453e-01	2.422811e-01	-5.062648e-01	-1.691024e-01	5.222377e-01	1.395013e-01	3.982886e-01	-3.332081e-01	2.071444e-01	-6.341103e-02	8.077047e-02	4.562491e-01	3.036294e-01	4.281890e-02	3.373300e-01	-1.609793e-01	3.805378e-02	-3.520925e-01	-3.781328e-01	3.435112e-01	6.119813e-01	-2.160099e-01	-2.226148e-01	8.826046e-02	-9.792107e-02	3.474069e-01	2.641167e-02	-1.572668e-01	7.627606e-02	2.977753e-01	-1.686084e-01	1.830442e-01	-2.093610e-01	-1.806005e-01	4.751471e-02	2.117194e-01	5.990276e-01	-1.931878e-01	5.048743e-01	-2.853345e-01	-2.046544e-01	7.193117e-01	-3.039257e-02	1.717729e-01	-7.058172e-01	-1.842900e-01	-1.271646e-01	-4.032013e-03	-3.818318e-01	3.478657e-01	-7.107204e-01	-5.011786e-01	-1.572208e-01	5.529613e-01	6.482685e-01	-9.566592e-02	-3.212238e-01	9.695222e-02	4.463700e-01	1.676903e-01	-4.103043e-01	4.361795e-01	1.222037e-01	3.561814e-01	-7.789939e-01	3.730115e-01	-3.459516e-02	-1.808815e-01	3.238366e-02	-3.450338e-01	-1.260877e-01	2.896979e-01	-4.477602e-02	2.566935e-01	-2.990026e-01	2.655172e-01	6.727684e-01	4.959219e-01	-8.900198e-02	6.233997e-02	7.875992e-02	-3.428712e-01	-7.025735e-01	2.629665e-01	-7.586522e-02	-1.797406e-01	-8.869851e-02	2.505872e-01	8.146016e-02	-2.321170e-01	2.309838e-02	9.568860e-02	-8.882443e-02	7.236133e-02	-1.587940e-01	1.474359e-01	-1.274834e-01	7.314933e-01	-2.295173e-01	1.423749e-01	-2.971509e-02	-1.941898e-02	-6.196781e-01	-1.351915e-01	1.622412e-01	5.839758e-02	-1.598385e-01	4.482480e-01	-2.700308e-01	1.222777e-01	8.370145e-02	7.164583e-01	-4.084169e-01	8.757027e-03	5.930088e-01	-1.058482e-01	3.686356e-01	-3.542832e-02	-1.047019e-01	-2.375628e-01	7.347240e-02	-4.021048e-02	-3.233101e-02	-1.836515e-01	1.674526e-02	-2.524781e-01	1.880753e-03	-3.997636e-01	1.559213e-01	2.785078e-01	-2.682262e-01	-1.218819e-01	-5.191560e-01	-3.827182e-01	-4.356810e-01	1.730794e-01	-1.149780e-01	2.127807e-01	2.142989e-01	-4.277214e-02	-1.983251e-01	3.472358e-02	-1.755977e-01	5.709089e-01	-5.649071e-03	1.355184e-01	2.246667e-01	9.287184e-02	-8.835844e-02	-7.663731e-01	6.656378e-02	1.251623e-01	-1.578656e-01	1.715773e-01	1.388568e-01	-1.399088e-01	-2.304519e-01	3.606558e-01	-9.339782e-03	8.033769e-02	2.341045e-01	-2.114667e-01	5.177086e-02	-8.700994e-01	-1.317751e-01	2.222185e-01	2.957902e-01	1.370432e-01	2.416993e-01	2.185127e-01	-3.117498e-01	1.927336e-01	-4.013517e-01	5.792840e-01	2.761942e-01	1.864327e-01	-2.485502e-01	1.291000e-01	-1.897069e-01	-2.266999e-01	-3.357637e-01	2.839641e-01	2.219197e-02	6.914061e-03	-4.300039e-02	-1.121939e-01	-4.565172e-01	-3.061559e-01	2.465449e-01	-2.797391e-01	1.057352e-01	-1.818489e-01	-2.723703e-01	-4.431503e-01	1.604764e-01	4.182890e-01	-3.055829e-01	-5.518973e-01	-5.326580e-01	1.503006e-01	-4.369694e-01	1.267949e-01	3.012742e-01	4.705103e-01	-3.457387e-01	2.159979e-01	-4.776172e-01	7.529414e-02	-4.361270e-01	-4.489890e-01	7.569957e-01	-2.486956e-02	-6.765747e-01	4.698206e-01	-3.771985e-01	2.570300e-01	3.826344e-01	-7.473002e-02	2.257130e-01	8.578321e-02	-3.549366e-01	-1.523880e-01	-2.149892e-02	1.838444e-01	4.936320e-01	-3.416663e-03	-6.472729e-01	1.501278e-01	-8.340746e-02	-5.690578e-01	-1.978913e-01	2.734793e-01	-2.488756e-01	1.347135e+00	-2.922383e-01	-6.167365e-01	3.408804e-02	-2.609308e-01	-1.404901e-01	-4.587179e-02	-3.787092e-01	-3.315164e-01	-1.576763e-01	-3.139988e-01	6.574958e-01	-6.637270e-01	1.572216e-01	-1.340217e-01	-1.652164e-01	9.942028e-01	-1.027708e-01	-8.173750e-01	1.563096e-01	1.136876e-01	1.460966e-01	1.479571e-01	3.262914e-02	1.226316e-01	-3.103504e-01	2.009356e-01	3.423936e-01	-1.735732e-01	-4.422263e-02	1.958214e-01	-1.502967e-02	-1.378162e-03	-4.526454e-01	1.497445e-01	9.191339e-02	-8.411905e-02	2.983962e-01	7.609068e-01	5.303141e-02	1.004907e+00	-2.492960e-01	-8.180109e-01	2.740953e-01	1.428626e-01	-9.509385e-02	-6.438202e-01	6.550281e-01	-2.104162e-01	-7.466964e-02	-2.188641e-01	-3.393002e-01	-5.335781e-02	3.008096e-01	2.612231e-02	4.719747e-01	-5.200021e-01	1.446029e-01	1.848226e-01	-9.923645e-03	2.356206e-01	-6.850445e-02	-3.328097e-01	5.061800e-02	2.870986e-01	1.461845e-01	1.265843e-01	-3.454356e-01	-1.228745e-01	-1.716301e-01	3.237488e-01	2.451038e-01	2.423121e-01	-1.078795e-01	6.324087e-01	5.048136e-01	-7.431097e-02	1.009780e-01	1.938918e-01	2.888822e-01	4.193363e-01	2.958757e-01	2.837729e-02	1.129829e-01	5.102198e-01	-1.070232e+00	-4.298740e-03	-2.311010e-02	1.659330e-01	1.525681e-01	-1.427633e-01	7.717773e-03	-1.817485e+00	1.111604e-01	-1.981106e-02	-7.943822e-02	-1.202461e-01	-3.434652e-01	-1.877984e-01	-5.628708e-01	-1.077744e-01	-2.085476e-01	-2.038732e-01	9.892583e-03	-2.312502e-01	4.945243e-02	-3.138577e-01	-3.435648e-01	-1.397064e-01	-2.853364e-02	-9.115636e-02	-6.206786e-02	1.593394e-01	-7.272673e-02	-1.324767e-01	-4.208712e-01	-2.459374e-01	5.377971e-02	7.044843e-01	1.357437e-01	-4.269922e-01	-5.269731e-02	-3.657402e-01	-2.200042e-02	1.394714e-02	-2.942036e-01	1.187536e-02	-2.739745e-01	-6.658316e-01	-2.234620e-01	2.252504e-01	4.278830e-01	2.242545e-02	-2.919025e-01	-6.865513e-01	-2.374649e-01	-2.373081e-01	1.466678e-01	7.783148e-01	-5.200095e-01	-2.968831e-02	-1.343422e-01	-4.085643e-01	3.894588e-01	-1.940127e-01	-1.493858e-02	-4.675918e-01	4.682485e-01	3.296470e-01	3.059341e-02	1.978446e-01	1.141710e+00	-1.049188e-01	-1.715589e-01	-5.835615e-02	4.260123e-01	-1.330450e-01	6.031442e-01	1.529856e-01	2.107057e-01	-1.469053e-01	-1.606050e-01	-7.581741e-01	4.967629e-02	1.375590e-01	4.502247e-02	-2.427241e-01	5.823087e-01	5.936345e-01	7.535478e-02	1.300696e-01	-8.080057e-02	3.617161e-02	-3.874203e-02	-3.733628e-01	-2.820451e-01	2.186574e-01	-2.189294e-01	-2.948148e-01	-8.762344e-02	-8.371196e-01	-7.854856e-01	1.402290e-01	-8.788450e-02	1.183813e-01	2.523035e-01	-2.437494e-01	-1.326675e-01	1.762182e-01	5.427189e-02	3.411887e-02	1.572372e-01	-3.983854e-01	3.224622e-01	-9.754410e-01	-3.343464e-01	-1.881581e-01	-8.594764e-02	1.743006e-03	-2.123522e-01	1.052584e-01	-2.871797e-02	3.354543e-01	2.074549e-01	8.071306e-01	-1.041242e-01	3.271840e-01	-1.086368e-02	1.866847e-01	-1.357524e-01	-6.624266e-02	9.913668e-02	3.852306e-01	1.702036e-01	8.802241e-02	-2.233291e-01	2.341453e-01	7.440715e-02	4.854933e-02	7.518042e-02	-4.599357e-02	8.926837e-02	1.121914e-01	-9.125423e-02	2.105985e-01	2.370854e-01	-1.813409e-01	3.743373e-01	9.640741e-02	-4.022378e-01	-1.928645e-01	9.272969e-02	-8.766764e-02	3.190468e-02	1.910218e-01	-1.943755e-01	3.169517e-01	8.673736e-03	2.500368e-01	-1.286282e-01	4.006596e-01	-2.157206e-03	1.712487e-01	-2.264392e-01	3.270691e-01	-4.074675e-01	8.743071e-02	-3.245468e-02	1.971472e-01	-3.120940e-01	-4.150088e-01	-3.407223e-03	1.868370e-02	1.185157e-02	-1.351834e-01	-1.756690e-01	-1.492588e-01	-1.701379e-01	-1.868698e-01	2.147738e-01	3.811156e-01	-5.222237e-01	-1.755508e-01	3.623063e-01	-1.428027e-01	8.762587e-02	-2.691641e-01	4.537717e-01	1.990189e-01	1.937691e-01	-4.324305e-01	-2.239733e-01	-4.910519e-01	-6.352574e-01	8.721133e-02	-3.280513e-02	-2.636923e-01	-5.568976e-01	-3.859075e-01	1.570146e-01	-2.477311e-01	-2.853688e-01	-1.046458e-01	-2.478174e-02	-3.822684e-01	-2.767908e-01	6.510781e-01	5.812212e-02	3.330134e-01	3.228996e-01	-1.791196e-01	7.118013e-01	-1.002578e-01	-1.021773e-01	5.248924e-02	3.484535e-01	1.074814e-01	1.679091e-01	-4.317236e-02	8.155934e-02	2.076705e-01	7.639933e-02	-1.371866e-01	8.607537e-02	4.552627e-01	-3.752275e-01	3.183772e-01	1.047751e-01	2.070983e-02	-1.093117e-01	4.364710e-01	4.293988e-01	-8.794131e-02	-1.402194e-01	3.185103e-01	-2.003523e-01	4.071478e-01	-1.474808e-01	-3.177129e-01	9.796532e-01	-1.881288e-01	2.321351e-01	-1.303896e-01	-1.221932e-01	7.290566e-01	-3.706396e-02	-8.187333e-02	-3.322516e-01	2.417590e-01	1.933912e-01	4.964224e-01	4.190781e-01	-3.813131e-01	-4.791622e-01	1.939782e-01	-4.349916e-01	1.192882e-02	5.092936e-01	-2.597083e-01	8.881468e-02	3.065608e-01	1.415746e-01	3.002107e-02	3.675131e-01	1.334774e-01	4.876264e-02	1.797470e-01	6.032374e-02	-3.353628e-02	1.915288e-03	-1.427898e-01	-1.131174e-01	1.130371e-02	-2.017078e-01	6.726798e-02	-1.851466e-01	-7.697766e-02	-1.440269e-01	-3.469704e-02	6.876007e-02	7.310929e-03	-1.932499e-01	-6.723462e-02	-2.616115e-01	-5.329851e-02	1.738738e-01	-4.874422e-03	5.103425e-01	-1.010167e-01	1.859424e-01	-6.469263e-01	1.367526e-01	-6.733677e-01	-7.603153e-01	-3.348719e-01	-1.498600e-01	-6.503859e-01	-5.514712e-02	3.788634e-01	2.280294e-01	-4.137760e-01	1.784365e-01	-1.909866e-01	2.059517e-01	-1.097927e-01	1.159446e-01	-7.035341e-01	-2.705643e-01	5.036216e-01	1.115194e-02	-2.236785e-01	-5.837839e-01	9.103881e-02	7.995892e-02	3.638371e-02	1.409597e-01	2.043000e-01	1.309860e-01	-1.443515e-01	1.945477e-02	-1.555311e+00	-1.824252e-01	-2.442444e-01	1.847357e-01	-3.093819e-02	5.972926e-02	9.593066e-01	-3.574966e-02	-2.365402e-01	2.366527e-01	-4.616975e-01	-1.087835e-01	7.109322e-02	1.041558e-01	1.916696e-01	1.982989e-01	6.947133e-02	2.022418e-01	-6.198250e-01	-3.598826e-01	-1.778099e-02	-2.259922e-01	-2.309607e-02	-8.069216e-02	-6.900693e-02	-2.729969e-01	4.873819e-01	1.593950e-01	2.598618e-01	-3.684345e-01	-9.588573e-01	-1.818144e-01	-5.105919e-01	1.049616e-01	-7.710338e-02	2.446995e-01	-4.211250e-02	
1.518138e-01	-2.923478e-01	4.444636e-01	1.091949e-01	4.497804e-01	2.678927e-01	-3.874189e-01	2.376204e-01	4.684602e-02	6.669776e-01	-1.683025e-01	4.374176e-01	1.097289e-01	1.477664e-01	1.889915e-01	-4.236367e-01	4.874094e-01	-6.139809e-01	1.649574e-02	2.080978e-01	6.806421e-02	-1.830870e-01	1.274400e-01	5.183610e-02	5.071648e-02	3.424695e-01	-4.626665e-02	-1.704100e-02	-3.136002e-02	-6.847970e-01	2.380455e-01	2.327428e-01	-1.697076e-01	4.095411e-01	-4.376134e-02	3.612266e-01	-2.689050e-01	2.926422e-01	3.884808e-01	-2.427597e-01	-2.157590e-01	-1.239661e-02	5.072626e-02	-7.377860e-02	-2.873482e-02	-2.431144e-01	1.127754e-01	-1.990045e-01	-4.062864e-01	6.110559e-01	-1.331803e-01	-3.316148e-01	6.123896e-02	-1.112561e-02	3.857659e-02	3.606756e-02	-8.360247e-03	-2.305627e-01	2.042319e-01	2.062351e-02	-2.230650e-02	1.222182e-01	-3.846628e-01	-1.052069e-01	-1.804111e-02	2.910441e-01	-1.389340e-01	2.286679e-01	1.732725e-01	3.941385e-01	-1.731367e-01	2.867695e-01	6.598269e-01	3.597451e-05	-3.527600e-01	9.041305e-01	1.823621e-01	-1.809085e-01	-8.859708e-01	-3.341501e-01	4.340846e-01	5.659621e-01	-1.388664e-01	2.239916e-01	2.541974e-02	4.639686e-01	4.406515e-01	-1.464069e-01	7.688344e-01	-5.486799e-01	-2.983866e-02	-2.970822e-02	6.845734e-01	8.574689e-02	-2.337055e-01	4.023114e-01	-1.513630e-02	3.532064e-01	-3.402282e-02	2.424562e-01	-2.056348e-01	1.705453e-01	4.074935e-01	-1.023255e-01	2.011427e-01	-2.190290e-01	4.841775e-01	5.601327e-02	5.569168e-02	4.358933e-01	1.372452e-01	2.737668e-01	4.978818e-01	-1.034836e-01	3.183783e-01	-2.821496e-01	-1.510151e-01	5.219970e-02	4.764854e-01	-3.715948e-01	-2.749325e-01	1.828495e-01	-3.103468e-01	1.929329e-01	5.919136e-02	-2.560611e-01	3.371488e-02	1.156479e-01	1.993974e-01	-1.857163e-01	-9.444595e-03	-6.892435e-02	2.092732e-02	1.632169e-01	1.437484e-01	-2.057126e-01	4.015230e-01	-1.427040e-01	-4.916171e-02	6.770051e-01	8.612344e-02	4.174925e-01	-7.177276e-01	-1.038216e-01	1.343444e-02	-1.162019e-01	-6.704295e-01	3.373627e-01	-1.065674e-01	-4.469462e-01	-7.264385e-03	4.448295e-01	1.452995e-01	1.207305e-01	-2.032557e-01	1.497052e-01	1.184497e-01	-2.838521e-02	-2.146003e-01	1.115310e-01	-1.506107e-01	3.175537e-01	-5.698916e-01	-2.095458e-02	-2.062865e-01	-1.744021e-01	-1.230119e-01	-2.478782e-01	-1.350077e-01	3.033085e-01	-1.067683e-02	3.439030e-01	-1.672707e-01	3.516891e-01	4.612745e-01	9.539849e-02	1.010009e-02	3.811869e-01	-4.660459e-02	-5.601319e-01	-3.210602e-01	-1.638389e-02	-2.694089e-01	-5.111437e-02	1.415316e-02	-2.835255e-02	1.605671e-01	2.278408e-01	-2.358257e-02	-1.426506e-01	-3.824475e-01	-1.431616e-01	-2.656595e-01	2.856912e-01	-1.482073e-01	4.915904e-01	-3.033422e-01	4.489169e-01	-1.535671e-01	5.580921e-02	-5.965612e-01	2.874333e-01	2.887749e-01	2.786449e-01	-1.755734e-01	6.641472e-01	-4.437725e-02	2.756600e-01	2.197780e-01	8.660965e-01	-3.155074e-02	1.551992e-01	3.931862e-01	2.344700e-01	5.593718e-01	1.188953e-01	-4.613261e-02	-3.091578e-01	2.970271e-01	2.331693e-01	-9.277246e-03	4.244995e-02	-1.506595e-01	-1.493616e-01	-1.952146e-01	-2.936540e-01	-2.804867e-02	1.846813e-01	-4.599351e-01	-3.620043e-01	-7.860546e-01	-5.993916e-01	-4.339034e-01	1.869750e-01	-1.587853e-01	4.185430e-01	2.140839e-01	-2.410120e-01	-3.075355e-01	1.419474e-01	-4.434302e-01	4.075710e-01	9.205747e-02	6.215722e-02	1.480340e-01	3.181238e-02	-1.390429e-01	-6.056785e-01	2.156142e-01	-6.785385e-02	-3.607033e-01	1.203578e-01	-5.888506e-02	-3.430631e-01	-6.496986e-01	-3.299974e-02	5.261563e-02	-1.284610e-01	-1.198600e-01	-4.475356e-01	2.006420e-01	-6.175221e-01	-1.397856e-01	3.740735e-01	4.113989e-01	7.715120e-02	-3.001926e-03	5.135474e-01	-3.660266e-02	2.273026e-01	-2.577924e-01	5.054042e-01	2.671946e-01	9.578494e-02	-1.087524e-03	2.435766e-01	1.249251e-01	-1.108087e-01	-1.513621e-01	5.622790e-02	-1.923297e-01	-3.218457e-01	-2.290630e-01	1.580735e-02	-5.415193e-01	-2.807254e-01	1.158315e-01	-4.583421e-01	6.244090e-01	-2.889334e-01	-2.969796e-01	-5.887297e-01	2.543530e-01	2.415252e-01	-4.600201e-02	-4.288689e-01	-4.604435e-01	-4.355423e-03	2.712416e-01	1.405157e-02	2.280804e-01	5.276735e-02	1.087192e-01	2.143212e-01	-2.828741e-01	1.491243e-01	-3.846445e-01	-2.149065e-01	5.559627e-01	2.138001e-01	-1.513055e-01	5.487687e-02	-5.730968e-01	2.864843e-01	4.326391e-01	1.119528e-02	1.370519e-04	-9.856129e-02	-2.952669e-01	1.076888e-01	-1.285337e-04	-1.246728e-01	5.143510e-01	2.127288e-01	-4.549392e-01	-5.407855e-02	4.146734e-01	-1.803395e-01	2.307299e-02	2.734430e-01	-1.704309e-01	1.145973e+00	-2.272715e-02	-4.569922e-01	3.975721e-02	7.801080e-02	-1.557910e-01	2.189188e-01	-5.745065e-01	-3.889827e-01	-2.815053e-01	-4.947438e-01	8.101837e-01	-4.837539e-01	3.475086e-01	-2.684755e-01	-1.545360e-01	7.189806e-01	-2.124351e-01	-7.085802e-01	2.281879e-01	4.810351e-01	1.477615e-01	1.852732e-01	-3.239741e-01	1.882724e-01	-7.846300e-01	-1.398828e-01	3.268377e-01	-2.702106e-01	4.661135e-02	3.812758e-01	6.831270e-02	-4.928371e-02	-4.212104e-01	1.213332e-01	-3.975410e-02	-2.648607e-01	1.616475e-01	5.129228e-01	1.368813e-01	6.053115e-01	-4.294635e-01	-5.732803e-01	3.988574e-01	1.390470e-01	-1.655445e-01	-3.702928e-01	9.142158e-01	-2.280007e-01	-6.421567e-02	-2.130212e-01	-6.234704e-01	-1.623868e-01	6.825935e-02	2.112130e-01	1.996649e-01	-6.048102e-03	4.890066e-01	3.812015e-01	-2.910068e-01	3.076192e-01	8.496836e-02	3.705620e-01	3.086477e-01	2.221510e-01	1.377563e-01	4.099971e-02	-6.579375e-01	5.756555e-02	-1.161187e-01	2.312314e-01	2.267277e-01	-2.854200e-01	-1.409958e-01	5.100309e-01	6.735954e-01	8.502781e-02	4.245464e-02	1.700778e-01	8.595825e-02	4.306925e-01	1.228980e-01	3.592221e-01	3.483163e-01	5.991938e-01	-4.532880e-01	3.285431e-02	1.643202e-01	4.806246e-01	1.675168e-01	-1.178477e-01	2.162080e-02	-1.396750e+00	5.530959e-03	1.246734e-01	-3.649039e-02	-8.401441e-02	-1.076458e-01	-1.749648e-01	-2.644306e-01	2.200095e-01	1.843979e-02	-2.995991e-01	-2.269341e-01	-1.912833e-01	8.431673e-04	-1.710884e-01	-3.628604e-01	-1.786929e-01	1.706367e-01	-1.141099e-01	-1.739315e-01	1.174609e-01	-1.328950e-01	9.688423e-02	-4.735445e-01	-3.876018e-01	-1.429742e-01	7.560351e-01	8.711612e-02	1.966627e-01	4.695962e-03	-1.877732e-01	-3.686307e-01	5.218454e-02	-5.274490e-03	2.280023e-01	-2.168813e-01	-4.523278e-01	6.377582e-02	-6.996820e-02	6.170774e-01	-1.659803e-01	-2.713406e-02	-5.194989e-01	-2.834666e-01	-2.987127e-01	3.440020e-01	3.682088e-01	-1.943547e-01	-1.926035e-02	-1.489686e-01	-1.423818e-01	4.525002e-01	-3.229088e-04	-9.288479e-02	-2.279509e-01	2.211365e-01	-3.946868e-01	-1.888162e-01	9.563991e-02	8.767691e-01	9.964012e-02	-4.565940e-02	1.947951e-02	1.288336e-01	-1.698470e-01	4.125956e-01	2.831934e-01	4.789660e-01	-1.118364e-01	-1.446161e-01	-8.189668e-01	3.568286e-02	5.512709e-03	-3.564713e-01	-5.746758e-02	-1.933914e-01	4.623295e-01	1.705035e-01	3.507911e-01	-2.614270e-01	-5.134487e-02	-2.257968e-01	-1.492559e-01	-3.463331e-01	-8.616713e-02	-3.568043e-01	-4.358268e-01	-2.098560e-01	-9.300778e-01	-2.466646e-01	8.969554e-02	-1.720410e-02	1.122762e-01	3.049244e-01	-5.284374e-01	1.868030e-01	3.929136e-01	-6.862735e-02	2.479177e-01	3.504165e-02	-4.511651e-01	1.721612e-01	-7.754367e-01	-4.532143e-01	-4.025193e-01	2.285366e-01	3.964661e-02	2.747909e-03	5.912404e-02	5.949834e-02	3.367023e-01	1.359430e-01	3.950262e-01	-4.521492e-02	2.649897e-01	1.668143e-01	2.620504e-01	-9.577707e-02	-6.426164e-02	-1.726867e-01	3.929752e-01	7.093599e-02	1.422824e-01	-4.036354e-01	3.128049e-01	2.333962e-01	-1.805284e-01	-1.596346e-01	-1.773716e-01	1.242985e-02	-3.324292e-02	1.270574e-01	3.586074e-01	5.188157e-02	-5.400185e-01	5.807546e-01	7.943088e-02	-2.924307e-01	-2.658838e-02	-6.986114e-02	-1.780753e-01	6.412763e-02	1.557728e-01	-5.281320e-01	-1.448436e-01	2.137694e-01	4.411382e-01	-2.680151e-01	4.700051e-01	1.480318e-01	2.304913e-01	7.969923e-02	1.773534e-01	-5.064277e-02	2.627241e-01	-2.089304e-01	1.537095e-01	-3.749217e-01	-2.123427e-01	-1.479029e-02	-1.135338e-01	2.310906e-01	-9.103712e-02	1.907548e-01	7.280599e-02	7.974040e-03	-2.156157e-01	3.730249e-01	4.284304e-02	-1.374558e+00	8.536986e-02	6.363510e-02	-5.927066e-01	2.073074e-01	-3.619739e-01	1.859392e-01	-1.321133e-01	1.813460e-01	-1.264521e-01	-1.476990e-01	-4.576546e-01	-4.103879e-01	1.343892e-01	1.630659e-01	-1.673310e-01	-3.909481e-01	-5.642999e-01	9.940425e-02	-1.370531e-01	-2.546898e-01	2.089944e-02	2.127530e-01	-3.904638e-01	-4.676726e-02	1.280530e-02	2.020990e-01	5.112184e-01	-5.310326e-02	1.378663e-01	6.098380e-01	3.027487e-02	3.724822e-01	2.000598e-01	1.326943e-01	8.125483e-02	-1.899685e-01	-2.073838e-01	8.907663e-02	3.147901e-01	-1.718787e-01	2.252069e-01	2.602970e-02	3.922016e-01	-3.483949e-01	1.007453e-01	-2.082430e-01	4.773423e-01	1.249465e-01	2.399115e-01	2.137668e-01	-3.467343e-01	-5.118391e-02	2.691616e-01	-1.476265e-01	3.803892e-01	-2.086184e-01	-1.439761e-01	3.412361e-01	-9.886102e-02	1.578232e-01	-5.179064e-01	-1.964352e-01	2.462336e-01	1.075579e-01	9.164569e-03	-2.788526e-01	5.583938e-01	9.756577e-02	4.461377e-01	2.759583e-01	-5.563992e-01	-5.983744e-01	1.281169e-01	-4.190745e-01	-2.031082e-01	3.683299e-01	-1.067860e-02	-1.383435e-01	4.113333e-01	4.628766e-02	-1.694617e-01	4.440641e-01	9.925734e-02	6.635300e-02	2.020458e-01	7.353451e-02	7.426730e-02	-1.551670e-01	-1.397664e-01	7.597289e-02	-6.528998e-02	-1.327962e-01	1.290540e-02	-2.127527e-01	3.553763e-02	-1.472534e-01	6.679585e-02	-2.759216e-01	8.902903e-03	-1.623565e-01	-7.308207e-02	-5.898170e-01	-1.843208e-01	2.745726e-01	-4.981590e-02	5.290311e-01	2.532043e-01	2.160174e-01	-1.806279e-01	6.013604e-02	-5.209690e-01	-5.906935e-01	-3.215217e-01	-1.850649e-01	-2.554076e-01	3.500157e-02	-1.416712e-01	4.605102e-01	-3.151634e-01	-8.348430e-02	-3.809865e-01	-7.581529e-02	-1.162602e-01	-8.733612e-02	-2.665782e-01	-2.769611e-01	2.572344e-02	3.996262e-01	-2.891927e-02	-4.691053e-01	1.982105e-01	3.604975e-02	-1.487039e-01	6.209326e-02	2.284523e-01	1.829332e-02	-4.981904e-01	7.593927e-02	-9.134271e-01	-1.470047e-01	-4.382852e-02	-5.947202e-02	8.429561e-02	3.290074e-01	3.532011e-01	-8.926126e-02	1.407935e-01	1.367426e-01	-3.337444e-01	-2.041050e-01	1.627958e-01	-4.404581e-01	-5.772676e-02	3.393885e-01	1.187723e-01	2.124836e-01	-3.648784e-01	-2.631384e-01	2.082487e-01	-2.082984e-01	-2.930594e-02	-2.674960e-01	1.227029e-01	-6.251447e-01	3.887739e-01	2.291430e-01	1.383092e-01	-7.298495e-01	-8.057244e-01	2.400775e-01	-5.452650e-01	-7.833444e-02	-9.816823e-02	2.034088e-01	1.887358e-01	
-4.918601e-02	-3.413389e-01	7.272659e-01	1.477083e-01	1.779495e-01	2.621663e-01	-2.749331e-01	8.583457e-02	1.562285e-01	2.424742e-01	-2.310383e-01	5.174794e-01	1.536761e-01	8.421514e-02	1.254798e-01	-1.854977e-01	8.117650e-01	-5.227174e-01	-2.991361e-01	-8.333212e-02	-2.078604e-01	-1.967444e-02	3.552972e-02	4.909731e-02	-9.813223e-02	4.254885e-01	-1.144333e-01	-2.556803e-01	-1.606693e-01	-3.699522e-01	6.525629e-02	4.745886e-01	-2.775348e-01	6.357486e-01	-1.947830e-01	1.658530e-01	-8.990466e-02	1.096555e-01	3.325685e-01	-1.537514e-01	-2.437899e-01	2.488380e-01	-1.032502e-01	-3.373777e-03	-8.806686e-02	-5.740952e-01	2.178342e-01	4.282455e-02	-1.023891e-01	3.446643e-01	-2.599622e-02	-1.745966e-01	4.451787e-02	3.006290e-01	-2.455045e-01	4.462397e-01	2.164412e-01	-7.793934e-02	-4.043185e-02	-2.855864e-01	9.511112e-03	1.090097e-01	-5.133103e-01	-2.311993e-01	-8.821910e-02	1.499675e-01	-2.695828e-01	6.338903e-02	1.978563e-01	6.645933e-01	-1.239954e-01	9.960026e-02	4.576058e-01	-6.540644e-04	-2.958354e-01	9.811044e-01	2.130590e-01	-5.835802e-02	-3.987512e-01	-2.353255e-01	5.743428e-01	2.055146e-01	8.199360e-02	9.518374e-02	-2.674791e-01	4.742970e-01	2.847324e-01	8.453401e-02	8.308373e-01	-7.758287e-01	-4.690256e-02	3.067189e-01	8.998411e-01	3.199047e-01	-2.610611e-01	4.320181e-01	-2.564870e-03	4.523757e-01	4.561610e-02	6.322624e-02	-4.463574e-01	-5.679107e-03	7.655388e-01	-4.259703e-02	5.630995e-01	-3.220181e-01	2.655763e-01	8.142646e-02	-9.113941e-02	5.642511e-01	1.117152e-01	-7.604184e-02	2.835425e-01	-3.388026e-01	4.514803e-01	-3.068538e-01	-4.269828e-01	1.420039e-01	4.676819e-01	-1.694042e-01	-2.410457e-01	-1.203738e-01	7.858904e-02	1.746653e-01	9.155551e-02	-3.575611e-01	7.517095e-02	2.851472e-01	-6.336724e-02	1.448758e-01	-3.095333e-01	-6.905089e-02	2.896517e-01	2.416718e-01	4.453630e-01	-9.357303e-02	2.837580e-01	-1.923167e-01	-2.936167e-01	1.058423e+00	2.170439e-02	8.192290e-03	-6.694661e-01	-1.860021e-01	-3.288404e-02	9.670683e-02	-5.691521e-01	4.761252e-01	-3.696723e-01	-2.389354e-01	-2.515769e-01	5.309335e-01	3.504010e-01	-1.936494e-01	-3.309815e-01	1.007083e-01	3.553557e-01	-6.920894e-02	-3.556994e-01	2.878287e-01	-8.449844e-02	3.185388e-01	-6.948444e-01	4.123989e-02	1.979113e-02	-2.418561e-01	-1.148631e-01	-3.257900e-01	-5.870945e-02	1.452090e-01	2.724133e-01	2.390502e-01	-2.020641e-01	2.859398e-01	4.348069e-01	2.532476e-01	1.682475e-01	4.870011e-02	2.441747e-02	-4.461767e-01	-5.237138e-01	7.793634e-02	-7.253585e-02	-7.901678e-03	1.493803e-01	5.968074e-02	5.221180e-02	7.921241e-02	-3.315750e-02	1.403053e-02	-6.455838e-02	-1.657635e-01	-4.547858e-01	3.345813e-01	1.234700e-03	9.077481e-01	-5.265259e-01	1.612089e-01	-2.736025e-02	1.594624e-01	-7.541624e-01	-2.295491e-02	4.008206e-01	4.075126e-01	-2.663191e-01	3.542294e-01	8.486594e-02	1.702788e-01	5.341541e-02	6.813674e-01	-3.787493e-01	1.651910e-01	5.078304e-01	-8.854388e-02	3.399979e-01	2.683380e-01	2.665110e-02	-1.538796e-01	1.150049e-02	3.349209e-01	-1.391628e-01	-3.289924e-02	-2.140863e-01	-2.667280e-01	-2.791011e-01	-3.416569e-01	1.877607e-01	2.970171e-01	-2.856488e-01	-6.547428e-02	-7.238155e-01	-3.641737e-01	-2.330188e-01	2.024318e-01	-1.554564e-01	2.792880e-01	2.091855e-01	-1.427247e-01	-4.961486e-01	1.644337e-01	-1.369757e-01	5.168265e-01	-1.823437e-01	-9.526949e-02	1.081885e-01	1.914569e-01	-1.691718e-01	-7.131447e-01	1.787861e-02	-1.530538e-02	-4.481960e-01	3.513934e-01	-1.704642e-01	-1.819938e-01	-4.615321e-01	1.740106e-01	5.360175e-02	-2.111387e-01	4.781594e-02	-2.213780e-01	9.972584e-02	-4.913107e-01	-4.932339e-02	3.815775e-01	3.530581e-01	2.955473e-01	-3.964138e-02	2.702282e-01	-2.327752e-01	3.527381e-01	-3.046372e-01	4.436059e-01	3.677586e-01	-2.015441e-01	-7.671287e-02	-4.987613e-02	-1.026391e-01	1.387747e-02	-2.487812e-01	1.873188e-01	-5.040339e-02	-6.536617e-02	7.680577e-03	1.044425e-01	-4.920432e-01	-2.194581e-01	1.317571e-01	-5.036799e-01	4.058692e-01	-2.315144e-01	-2.611681e-01	-4.782791e-01	2.851838e-01	3.426421e-01	1.064106e-01	-5.758504e-01	-1.776822e-01	-5.157543e-02	1.829626e-02	-2.951602e-01	4.531629e-01	4.873377e-01	-9.340360e-02	-1.505374e-02	-3.273627e-01	2.209573e-01	-4.645507e-01	-5.299589e-01	8.447765e-01	-9.114953e-03	-6.748759e-01	3.550563e-01	-3.632086e-01	3.918381e-01	4.361187e-01	6.633086e-02	1.744288e-01	4.270572e-02	-5.033089e-01	9.812117e-02	1.847313e-02	2.555802e-01	6.142016e-01	2.773617e-01	-5.419902e-01	3.462461e-02	1.484040e-01	-4.937341e-01	-1.377261e-01	2.785590e-01	-3.188443e-01	1.452701e+00	7.642758e-02	-5.456594e-01	1.145797e-01	5.651071e-02	-4.896298e-02	2.398250e-01	-6.640742e-01	-2.549436e-01	-3.212537e-01	-2.110944e-01	8.648228e-01	-4.506486e-01	4.069514e-01	-1.126187e-01	-2.331446e-01	8.362698e-01	-1.935968e-01	-9.366812e-01	-5.973590e-02	1.019568e-01	3.049267e-01	1.368954e-01	-1.810430e-01	3.425713e-01	-6.019351e-01	-1.083535e-01	3.368060e-01	-2.702440e-01	-1.865273e-02	2.729937e-01	-6.209032e-04	-2.072969e-01	-4.459651e-01	1.182453e-02	-1.096309e-01	-1.466788e-01	2.381357e-01	6.860180e-01	5.656312e-02	6.773849e-01	-5.392708e-01	-8.875087e-01	3.396499e-01	1.657802e-01	-8.222616e-02	-7.091070e-01	1.204086e+00	-2.784087e-01	1.813222e-02	-1.403662e-01	-3.048805e-01	-2.793392e-01	2.971915e-01	9.276946e-02	3.411927e-01	-2.635213e-01	2.563917e-01	1.311281e-01	-7.601307e-02	8.911820e-02	3.062830e-01	-1.638852e-01	-9.514104e-02	2.458821e-01	2.992736e-01	1.652078e-01	-6.688308e-01	-9.398733e-02	1.880031e-01	3.954155e-01	-3.189802e-02	6.488992e-02	3.254855e-03	4.501298e-01	5.323356e-01	9.780960e-02	1.185052e-01	2.129654e-01	8.436573e-02	1.781208e-01	3.133034e-01	4.756844e-01	5.433891e-01	4.828706e-01	-7.737321e-01	3.037797e-02	4.854443e-02	4.665870e-01	2.042312e-01	1.664804e-01	-1.584304e-02	-1.696347e+00	9.445261e-02	2.439442e-01	-4.792807e-02	-2.105919e-01	-3.699189e-01	-1.600967e-01	-1.997610e-01	-3.225946e-01	4.599079e-03	-1.490971e-01	-2.569750e-01	-1.086182e-01	4.700713e-02	-1.174341e-01	-4.449370e-01	-2.799458e-01	1.533106e-01	-1.272137e-01	-1.067070e-01	8.429752e-02	5.026960e-02	-8.064235e-02	-5.853075e-01	-2.569974e-01	-5.736051e-02	6.955033e-01	-1.416218e-01	-2.255626e-01	6.190234e-02	-2.975336e-01	-2.120382e-01	-1.696368e-01	-2.733984e-01	4.998134e-02	-7.199060e-02	-7.181214e-01	-1.955235e-01	1.977036e-01	3.930548e-01	7.624396e-03	-2.196893e-01	-6.142668e-01	-1.352999e-01	-2.289434e-01	3.074362e-01	6.176019e-01	-3.448807e-01	5.431255e-03	-2.660907e-01	-1.969891e-01	4.431428e-01	-1.799643e-01	3.677858e-02	-4.871622e-01	3.115374e-01	6.768771e-02	-3.998492e-01	1.820369e-01	7.638955e-01	-3.194558e-02	1.702004e-02	5.551073e-02	2.114630e-01	2.009369e-02	4.155614e-01	3.744960e-01	4.094526e-01	-2.766503e-01	-1.181150e-01	-8.414919e-01	1.132387e-01	1.078234e-01	-2.510256e-01	-7.341081e-02	2.670538e-01	7.035152e-01	3.269789e-01	3.909859e-01	-2.663998e-01	-2.515978e-02	-1.311244e-01	-1.100139e-01	-1.175267e-01	7.667840e-02	-1.328114e-01	-3.733276e-01	-2.996013e-01	-1.099452e+00	-3.425556e-01	-9.543395e-02	-1.777804e-02	1.920674e-01	2.223214e-01	-4.374689e-01	1.067639e-01	3.346419e-01	-1.658471e-01	2.299531e-01	4.036270e-02	-3.002801e-01	2.939478e-01	-8.762708e-01	-2.667890e-01	-1.892243e-01	-1.945530e-02	-1.275108e-01	-3.362654e-02	2.059187e-01	-7.140779e-02	6.133659e-01	2.737786e-01	8.117425e-01	-1.815813e-01	7.846380e-02	2.065041e-01	1.758487e-01	-1.808511e-01	-2.017505e-01	-9.624662e-02	3.269457e-01	7.879341e-03	2.470494e-01	-1.998297e-01	5.009381e-01	1.688494e-01	-4.188263e-01	-1.772434e-03	-8.428812e-02	1.620397e-01	-7.995201e-02	-9.635577e-02	3.046503e-01	9.546558e-02	-6.045266e-01	6.471747e-01	-1.794743e-01	-8.373538e-02	-4.953962e-03	2.510710e-01	-2.194206e-01	9.003585e-02	7.604899e-02	-4.722143e-01	4.794056e-02	1.309459e-01	4.618666e-01	7.751890e-02	5.870199e-01	8.498513e-02	3.031077e-01	-1.524704e-01	2.721862e-01	2.574222e-02	1.399116e-01	-2.241784e-01	5.154809e-02	-3.606998e-01	-3.634538e-01	-1.149814e-01	-1.449355e-01	8.870371e-02	-5.916516e-02	1.578583e-01	3.106429e-01	-1.331115e-01	-3.841932e-01	2.617166e-01	2.736098e-01	-1.112091e+00	-3.113927e-01	3.167102e-01	-5.016887e-01	2.225082e-01	-4.286774e-01	3.049130e-01	1.257508e-02	2.856052e-01	-2.427501e-01	7.906969e-02	-4.185177e-01	-5.387710e-01	1.815835e-02	1.047298e-01	-3.125889e-01	-5.592257e-01	-5.298548e-01	-6.460802e-02	-3.065255e-01	-6.028960e-02	-3.284373e-01	1.904263e-01	-4.935434e-01	-2.399111e-01	1.894267e-01	-1.441098e-01	1.455009e-01	3.562217e-01	-9.417510e-02	6.218753e-01	7.958087e-02	3.026188e-01	3.371013e-02	1.613078e-01	-1.116384e-03	1.213459e-01	-2.775374e-01	4.879427e-02	6.065803e-02	-1.351807e-01	2.364423e-02	3.973117e-02	2.624640e-01	-3.104210e-01	3.382585e-01	-1.033791e-01	3.139283e-01	6.498587e-02	2.015395e-01	3.236340e-01	-3.408968e-01	-2.246010e-01	1.408629e-01	-8.169635e-02	4.185566e-01	-2.744759e-01	-1.355105e-01	6.984637e-01	4.520464e-02	2.385557e-01	-3.438574e-01	-2.580743e-01	4.953915e-01	1.518173e-01	-4.786333e-04	-3.557899e-01	3.720737e-01	2.627270e-01	4.834422e-01	3.153604e-01	-4.213884e-01	-4.993955e-01	3.574808e-01	-4.698744e-01	6.833132e-03	3.548979e-01	-4.405577e-02	5.740938e-03	2.851233e-01	1.757858e-01	-1.185469e-01	3.630596e-01	1.014949e-01	-1.463478e-01	1.835889e-01	-8.481348e-03	-1.123838e-01	-1.814872e-01	-2.641864e-01	1.514940e-01	-1.968380e-01	-2.396472e-01	-9.610126e-02	-1.712127e-02	-3.332416e-01	-1.176932e-01	-6.084616e-02	-9.880372e-02	1.142410e-01	-1.755468e-01	8.125207e-03	-6.210378e-01	-1.022026e-01	1.850808e-01	3.180945e-02	5.559675e-01	2.854692e-02	6.386748e-02	-4.051701e-01	1.019496e-01	-6.571591e-01	-4.613424e-01	-3.871181e-01	-3.578194e-01	-4.559759e-01	-8.321700e-02	2.410671e-01	5.164335e-01	-3.197380e-01	1.269893e-01	-1.296577e-01	1.571107e-01	-5.426673e-02	2.689613e-01	-2.773339e-01	-2.957680e-01	2.640186e-01	2.387710e-01	-1.824667e-01	-3.787586e-01	2.776071e-01	5.592829e-02	-1.665357e-01	3.279360e-01	1.990262e-01	-1.194068e-02	-2.430850e-01	-2.620061e-02	-1.652614e+00	-1.019413e-01	-3.540293e-02	3.159144e-02	-8.778511e-02	1.381425e-01	7.388139e-01	5.607075e-02	-9.990185e-02	1.273712e-01	-3.369052e-01	-6.687723e-02	-1.406503e-02	-3.544815e-01	7.434624e-02	6.186683e-01	-9.281604e-02	3.738500e-01	-4.430801e-01	-2.463172e-01	5.929060e-02	-2.709990e-01	5.660246e-02	-1.050797e-01	1.227119e-01	-6.332231e-01	5.442566e-01	1.686825e-01	6.895288e-02	-5.410836e-01	-1.196261e+00	1.509850e-01	-5.884317e-01	-3.263343e-01	-1.110355e-01	1.977357e-01	-9.548045e-02	
